1   0  13.59844   2.0   0.0     150991.49   278   2
2   0  24.58741   1.0   0.0     278302.52   556   4
2   1  54.41778   2.0   0.0     604233.37   278   2
3   0  5.391720   2.0   0.0      52534.09   124   2
3   1  75.64018   1.0   0.0     839918.28   299   4
3   2  122.45429  2.0   0.0    1359687.21   278   2
4   0  9.3227     1.0   0.0      96994.39   318   7
4   1  18.21116   2.0   0.0     183127.29   250   2
4   2  153.89661  1.0   0.0    1687543.18   234   4
4   3  217.71865  2.0   0.0    2417471.50   278   2
5   0  8.29803    6.0   0.0      82608.14   152   6
5   1  25.15484   1.0   0.0     254450.62   427  15
5   2  37.93064   2.0   0.0     361450.28   166   2
5   3  259.37521  1.0   0.0    2843419.75   260   4
5   4  340.22580  2.0   0.0    3777763.90   278   2
6   0  11.26030   9.0   0.0     119011.30   755  12
6   1  24.38332   6.0   0.0     247141.75   412  15
6   2  47.8878    1.0   0.0     481799.03   619  16
6   3  64.4939    2.0   0.0     638971.96   262   2
6   4  392.087    1.0   0.0    4372895.09   526   4
6   5  489.99334  2.0   0.0    5440754.24   278   2
7   0  14.53414   4.0   0.0     156577.63   1076 23
7   1  29.6013    9.0   0.0     297149.04   826  23
7   2  47.44924   6.0   0.0     463576.22   532  22
7   3  77.4735    1.0   0.0     761375.52   637  16
7   4  97.8902    2.0   0.0     969809.93   276   2
7   5  552.0718   1.0   0.0    5955082.97   161   4
7   6  667.046    2.0   0.0    7406739.18   278   2
8   0  13.61806   9.0   0.0     148025.55   658  10
8   1  35.11730   4.0   0.0     358811.61  1104  33
8   2  54.9355    9.0   0.0     522198.02   769  39
8   3  77.41353   6.0   0.0     770292.81   812  37
8   4  113.8990   1.0   0.0    1127189.72   805  16
8   5  138.1197   2.0   0.0    1337937.59   228   2
8   6  739.29     1.0   0.0    8063119.12   230   4
8   7  871.4101   2.0   0.0    9676005.18   278   2
9   0  17.42282   6.0   0.0     189306.98   642  22
9   1  34.97082   9.0   0.0     369967.32  1072  33
9   2  62.7084    4.0   0.0     648202.69  2070  43
9   3  87.1398    9.0   0.0     862099.86  1285  45
9   4  114.2428   6.0   0.0    1081435.70   674  36
9   5  114.2428   1.0   0.0    1410884.98   381  14
9   6  185.186    2.0   0.0    1777557.76   198   2
9   7  953.9112   1.0   0.0   10507621.11   308   4
9   8  1103.1176  2.0   0.0   12248930.42   278   2
10  0  21.5646    1.0   0.0     242506.72  1200  12
10  1  40.96328   6.0   0.0     445257.78  2030  29
10  2  63.45      9.0   0.0     657825.06  1391  40
10  3  97.12      4.0   0.0     948042.58   908  26
10  4  126.21     9.0   0.0    1229305.92  1373  40
10  5  157.93     6.0   0.0    1402396.67   614  41
10  6  207.2759   1.0   0.0    1984373.15   758  16
10  7  239.0989   2.0   0.0    2249518.89   174   2
10  8  1195.8286  1.0   0.0   13035747.69   237   4
10  9  1362.1995  2.0   0.0   15125862.09   278   2
11  0  5.13908    2.0   0.0      53037.84   268   2
11  1  47.2864    1.0   0.0     514746.96   836  12
11  2  71.6200    6.0   0.0     748590.86  1156  30
11  3  98.91      9.0   0.0     967135.82   841  37
11  4  138.40     4.0   0.0    1399246.48  1316  31
11  5  172.18     9.0   0.0    1663176.34  1052  33
11  6  208.50     6.0   0.0    1880070.95   628  34
11  7  264.25     1.0   0.0    2420828.30   421  13
11  8  299.864    2.0   0.0    2627246.17   106   2
11  9  1465.121   1.0   0.0   15982554.64   260   4
12  0  7.64624    1.0   0.0      80322.99   421   5
12  1  15.03528   2.0   0.0     148041.70   252   2
12  2  80.1437    1.0   0.0     828015.89   531  12
12  3  109.2655   6.0   0.0    1134464.90  1536  31
12  4  141.27     9.0   0.0    1411093.36   647  21
12  5  186.76     4.0   0.0    1865964.26  1418  31
12  6  225.02     9.0   0.0    2142223.03  1010  31
12  7  265.96     6.0   0.0    2338880.38   576  29
12  8  328.06     1.0   0.0    2773140.05   318  14
12  9  367.50     2.0   0.0    3261657.47   120   2
13  0  5.98577    6.0   0.0      61332.91   226   2
13  1  18.82856   1.0   0.0     186963.72   456   9
13  2  28.44765   2.0   0.0     270429.14   242   2
13  3  119.992    1.0   0.0    1216959.19   545  12
13  4  153.825    6.0   0.0    1549146.53  1170  31
13  5  190.49     9.0   0.0    1886238.18  1083  28
13  6  241.76     4.0   0.0    2414611.81  1204  21
13  7  284.66     9.0   0.0    2812666.21  1755  33
13  8  330.13     6.0   0.0    2542105.04   334  21
13  9  398.75     1.0   0.0    3548579.89   373  12
14  0  8.15169    9.0   0.0      84557.15   810  12
14  1  16.34585   6.0   0.0     159923.67   354  15
14  2  33.49302   1.0   0.0     327359.79   685  12
14  3  45.14181   2.0   0.0     424109.62   268   2
14  4  166.767    1.0   0.0    1734718.76   816  12
14  5  205.27     6.0   0.0    2052871.62   898  30
14  6  246.5      9.0   0.0    2366175.20   527  17
14  7  303.54     4.0   0.0    3068684.69  1804  27
14  8  351.12     9.0   0.0    3544292.35  2157  36
14  9  401.37     6.0   0.0    2939472.35   274  17
15  0  10.48669   1.0   0.0     111553.41  1438  21
15  1  19.7694    1.0   0.0     187200.91   673  13
15  2  30.2027    1.0   0.0     279091.88   524  20
15  3  51.4439    1.0   0.0     490515.56   782  16
15  4  65.0251    1.0   0.0     599981.58   268   2
15  5  220.421    1.0   0.0    2035495.04   248  12
15  6  263.57     1.0   0.0         -1.0     -1  -1
15  7  309.60     1.0   0.0         -1.0     -1  -1
15  8  372.13     1.0   0.0         -1.0     -1  -1
15  9  424.4      1.0   0.0         -1.0     -1  -1
16  0  10.36001   9.0   0.0     109679.73   660  13 
16  1  23.3379    4.0   0.0     226987.56  1388  29
16  2  34.79      9.0   0.0     295403.69   463  12
16  3  47.222     6.0   0.0     418347.48   648  22
16  4  72.5945    1.0   0.0     646590.95   616  12
16  5  88.0530    2.0   0.0     793008.25   250   2
16  6  280.948    1.0   0.0    2548457.94   242  12
16  7  328.75     6.0   0.0    3335040.66  1284  24
16  8  379.55     9.0   0.0    3808539.43  1065  26
16  9  447.5      4.0   0.0    4539809.54  1946  35
17  0  12.96764   1.0   0.0     141057.47  1344  21
17  1  23.814     1.0   0.0     239116.84  1444  34
17  2  39.61      1.0   0.0         -1.0     -1  -1
17  3  53.4652    1.0   0.0         -1.0     -1  -1
17  4  67.8       1.0   0.0         -1.0     -1  -1
17  5  97.03      1.0   0.0         -1.0     -1  -1
17  6  114.1958   1.0   0.0         -1.0     -1  -1
17  7  348.28     1.0   0.0         -1.0     -1  -1
17  8  400.06     1.0   0.0         -1.0     -1  -1
17  9  455.63     1.0   0.0         -1.0     -1  -1
18  0  15.75962   1.0   0.0     175362.78  1156  12
18  1  27.62967   6.0   0.0     291708.85  2642  29
18  2  40.74      9.0   0.0     332987.89   654  22
18  3  59.81      4.0   0.0     537020.33  1276  23
18  4  75.02      9.0   0.0     676953.56   780  11
18  5  91.009     6.0   0.0     689723.48   386  16
18  6  124.323    1.0   0.0     899714.78   278  11
18  7  143.460    2.0   0.0    1226291.38   216   2
18  8  422.45     1.0   0.0    4276148.89   758  12
18  9  478.69     6.0   0.0    4765524.26  1810  31
19  0  4.34066    1.0   0.0         -1.0     -1  -1
19  1  31.63      1.0   0.0         -1.0     -1  -1
19  2  60.91      1.0   0.0         -1.0     -1  -1
19  3  82.66      1.0   0.0         -1.0     -1  -1
19  4  99.4       1.0   0.0         -1.0     -1  -1
19  5  117.56     1.0   0.0         -1.0     -1  -1
19  6  154.88     1.0   0.0         -1.0     -1  -1
19  7  175.8174   1.0   0.0         -1.0     -1  -1
19  8  503.8      1.0   0.0         -1.0     -1  -1
19  9  564.7      1.0   0.0         -1.0     -1  -1
20  0  6.11316    1.0   0.0      59040.50   414  10
20  1  11.87172   2.0   0.0     104428.91   184   2
20  2  50.9131    1.0   0.0     510019.07   931  12
20  3  67.27      6.0   0.0     558657.22   620  22
20  4  84.50      9.0   0.0     708820.36   329   8
20  5  108.78     4.0   0.0    1016510.46  1614  26
20  6  127.2      9.0   0.0    1163436.41  1083  16
20  7  147.24     6.0   0.0     895168.86   174   8
20  8  188.54     1.0   0.0    1331538.08   321  10
20  9  211.275    2.0   0.0    1675252.51   144   2
21  0  6.5615     1.0   0.0         -1.0     -1  -1
21  1  12.79967   1.0   0.0         -1.0     -1  -1
21  2  24.75666   1.0   0.0         -1.0     -1  -1
21  3  73.4894    1.0   0.0         -1.0     -1  -1
21  4  91.65      1.0   0.0         -1.0     -1  -1
21  5  110.68     1.0   0.0         -1.0     -1  -1
21  6  138.0      1.0   0.0         -1.0     -1  -1
21  7  158.1      1.0   0.0         -1.0     -1  -1
21  8  180.03     1.0   0.0         -1.0     -1  -1
21  9  225.18     1.0   0.0         -1.0     -1  -1
22  0  6.8281     1.0   0.0         -1.0     -1  -1
22  1  13.5755    1.0   0.0         -1.0     -1  -1
22  2  27.4917    1.0   0.0         -1.0     -1  -1
22  3  43.2672    1.0   0.0         -1.0     -1  -1
22  4  9.30       1.0   0.0         -1.0     -1  -1
22  5  119.53     1.0   0.0         -1.0     -1  -1
22  6  140.8      1.0   0.0         -1.0     -1  -1
22  7  170.4      1.0   0.0         -1.0     -1  -1
22  8  192.1      1.0   0.0         -1.0     -1  -1
22  9  215.92     1.0   0.0         -1.0     -1  -1
23  0  6.7462     1.0   0.0         -1.0     -1  -1
23  1  14.66      1.0   0.0         -1.0     -1  -1
23  2  29.311     1.0   0.0         -1.0     -1  -1
23  3  46.709     1.0   0.0         -1.0     -1  -1
23  4  65.2817    1.0   0.0         -1.0     -1  -1
23  5  128.13     1.0   0.0         -1.0     -1  -1
23  6  150.6      1.0   0.0         -1.0     -1  -1
23  7  173.4      1.0   0.0         -1.0     -1  -1
23  8  205.8      1.0   0.0         -1.0     -1  -1
23  9  230.5      1.0   0.0         -1.0     -1  -1
24  0  6.7665     1.0   0.0         -1.0     -1  -1
24  1  16.4857    1.0   0.0         -1.0     -1  -1
24  2  30.96      1.0   0.0         -1.0     -1  -1
24  3  49.16      1.0   0.0         -1.0     -1  -1
24  4  69.46      1.0   0.0         -1.0     -1  -1
24  5  90.6349    1.0   0.0         -1.0     -1  -1
24  6  160.18     1.0   0.0         -1.0     -1  -1
24  7  184.7      1.0   0.0         -1.0     -1  -1
24  8  209.3      1.0   0.0         -1.0     -1  -1
24  9  244.4      1.0   0.0         -1.0     -1  -1
25  0  7.43402    1.0   0.0         -1.0     -1  -1
25  1  15.63999   1.0   0.0         -1.0     -1  -1
25  2  33.668     1.0   0.0         -1.0     -1  -1
25  3  51.2       1.0   0.0         -1.0     -1  -1
25  4  72.4       1.0   0.0         -1.0     -1  -1
25  5  95.6       1.0   0.0         -1.0     -1  -1
25  6  119.203    1.0   0.0         -1.0     -1  -1
25  7  194.5      1.0   0.0         -1.0     -1  -1
25  8  221.8      1.0   0.0         -1.0     -1  -1
25  9  248.3      1.0   0.0         -1.0     -1  -1
26  0  7.9024     1.0   0.0         -1.0     -1  -1
26  1  16.1878    1.0   0.0         -1.0     -1  -1
26  2  30.652    25.0   0.0         -1.0     -1  -1
26  3  54.8       6.0   0.0         -1.0     -1  -1
26  4  75.0      25.0   0.0         -1.0     -1  -1
26  5  99.1      28.0   0.0         -1.0     -1  -1
26  6  124.98    21.0   0.0         -1.0     -1  -1
26  7  151.06    10.0   0.0         -1.0     -1  -1
26  8  233.6      1.0   0.0         -1.0     -1  -1
26  9  262.1      6.0   0.0         -1.0     -1  -1
27  0  7.8810     1.0   0.0         -1.0     -1  -1
27  1  17.083     1.0   0.0         -1.0     -1  -1
27  2  33.50      1.0   0.0         -1.0     -1  -1
27  3  51.3       1.0   0.0         -1.0     -1  -1
27  4  79.5       1.0   0.0         -1.0     -1  -1
27  5  102.0      1.0   0.0         -1.0     -1  -1
27  6  128.9      1.0   0.0         -1.0     -1  -1
27  7  157.8      1.0   0.0         -1.0     -1  -1
27  8  186.13     1.0   0.0         -1.0     -1  -1
27  9  275.4      1.0   0.0         -1.0     -1  -1
28  0  7.6398     1.0   0.0         -1.0     -1  -1
28  1  18.16884   1.0   0.0         -1.0     -1  -1
28  2  35.19      1.0   0.0         -1.0     -1  -1
28  3  54.9       1.0   0.0         -1.0     -1  -1
28  4  76.06      1.0   0.0         -1.0     -1  -1
28  5  108        1.0   0.0         -1.0     -1  -1
28  6  133        1.0   0.0         -1.0     -1  -1
28  7  162        1.0   0.0         -1.0     -1  -1
28  8  193        1.0   0.0         -1.0     -1  -1
28  9  224.6      1.0   0.0         -1.0     -1  -1
29  0  7.72638    1.0   0.0         -1.0     -1  -1
29  1  20.29240   1.0   0.0         -1.0     -1  -1
29  2  36.841     1.0   0.0         -1.0     -1  -1
29  3  57.38      1.0   0.0         -1.0     -1  -1
29  4  79.8       1.0   0.0         -1.0     -1  -1
29  5  103        1.0   0.0         -1.0     -1  -1
29  6  139        1.0   0.0         -1.0     -1  -1
29  7  166        1.0   0.0         -1.0     -1  -1
29  8  199        1.0   0.0         -1.0     -1  -1
29  9  232        1.0   0.0         -1.0     -1  -1
30  0  9.3942     1.0   0.0         -1.0     -1  -1
30  1  17.96440   1.0   0.0         -1.0     -1  -1
30  2  39.723     1.0   0.0         -1.0     -1  -1
30  3  59.4       1.0   0.0         -1.0     -1  -1
30  4  82.6       1.0   0.0         -1.0     -1  -1
30  5  108        1.0   0.0         -1.0     -1  -1
30  6  134        1.0   0.0         -1.0     -1  -1
30  7  174        1.0   0.0         -1.0     -1  -1
30  8  203        1.0   0.0         -1.0     -1  -1
30  9  238        1.0   0.0         -1.0     -1  -1
