   1.641361       1.641997       1.642617       1.643233       1.643855    
   1.644459       1.645036       1.645591       1.646134       1.646681    
   1.647220       1.647731       1.648217       1.648686       1.649148    
   1.649609       1.650049       1.650459       1.650831       1.651150    
   1.651396       1.651535       1.651576       1.651540       1.651460    
   1.651357       1.651150       1.650852       1.650505       1.650171    
   1.649927       1.649759       1.649644       1.649564       1.649495    
   1.649404       1.649314       1.649245       1.649180       1.649098    
   1.648972       1.648779       1.648527       1.648225       1.647882    
   1.647512       1.647134       1.646732       1.646296       1.645828    
   1.645330       1.644802       1.644247       1.643653       1.643018    
   1.642343       1.641630       1.640884       1.640107       1.639290    
   1.639377       1.639719       1.640170       1.640473       1.640453    
   1.640245       1.640072       1.640051       1.640099       1.640082    
   1.640045       1.640047       1.639970       1.639723       1.639447    
   1.639318       1.639092       1.638323       1.637122       1.635790    
   1.635234       1.634653       1.634046       1.633409       1.632738    
   1.632022       1.631240       1.630381       1.629440       1.628427    
   1.627352       1.626212       1.625004       1.623724       1.622365    
   1.620923       1.619389       1.617757       1.616038       1.614249    
   1.612385       1.610443       1.608419       1.606309       1.604112    
   1.601825       1.599446       1.596998       1.594487       1.591910    
   1.589259       1.586525       1.583702       1.580781       1.577748    
   1.574591       1.571321       1.567925       1.564376       1.560646    
   1.556708       1.552532       1.548088       1.543362       1.538384    
   1.533144       1.527636       1.521859       1.515821       1.509539    
   1.503105       1.496550       1.489892       1.483141       1.476307    
   1.469421       1.462538       1.455658       1.448778       1.441893    
   1.435002       1.428146       1.421339       1.414578       1.407858    
   1.401178       1.394547       1.387999       1.381536       1.375156    
   1.368859       1.362644       1.356533       1.350535       1.344654    
   1.338894       1.333257       1.327758       1.322405       1.317194    
   1.312118       1.307171       1.302351       1.297672       1.293133    
   1.288735       1.284479       1.280361       1.276382       1.272542    
   1.268841       1.265282       1.261863       1.258585       1.255437    
   1.252414       1.249509       1.246716       1.244029       1.241447    
   1.238968       1.236587       1.234302       1.232112       1.230014    
   1.228007       1.226086       1.224248       1.222487       1.220799    
   1.219179       1.217628       1.216143       1.214725       1.213374    
   1.212088       1.210864       1.209700       1.208598       1.207557    
   1.206574       1.205637       1.204744       1.203890       1.203075    
   1.202294       1.201547       1.200833       1.200151       1.199502    
   1.198886       1.198303       1.197749       1.197224       1.196726    
   1.196255       1.195809       1.195391       1.194999       1.194636    
   1.194300       1.193989       1.193694       1.193414       1.193150    
   1.192901       1.192667       1.192447       1.192242       1.192050    
   1.191871       1.191704       1.191547       1.191401       1.191268    
   1.191150       1.191047       1.190962       1.190896       1.190848    
   1.190809       1.190776       1.190748       1.190727       1.190711    
   1.190702       1.190700       1.190705       1.190717       1.190737    
   1.190764       1.190800       1.190843       1.190893       1.190951    
   1.191019       1.191097       1.191188       1.191282       1.191380    
   1.191481       1.191585       1.191695       1.191810       1.191928    
   1.192051       1.192177       1.192304       1.192436       1.192572    
   1.192712       1.192858       1.193011       1.193173       1.193345    
   1.193520       1.193696       1.193873       1.194051       1.194228    
   1.194404       1.194581       1.194759       1.194939       1.195123    
   1.195311       1.195505       1.195705       1.195913       1.196130    
   1.196357       1.196593       1.196830       1.197065       1.197301    
   1.197536       1.197772       1.198011       1.198251       1.198495    
   1.198743       1.198995       1.199250       1.199511       1.199777    
   1.200047       1.200318       1.200595       1.200875       1.201153    
   1.201431       1.201709       1.201988       1.202267       1.202549    
   1.202833       1.203122       1.203412       1.203706       1.204002    
   1.204304       1.204609       1.204922       1.205239       1.205562    
   1.205885       1.206209       1.206532       1.206854       1.207175    
   1.207493       1.207810       1.208128       1.208448       1.208771    
   1.209098       1.209431       1.209768       1.210113       1.210462    
   1.210818       1.211175       1.211533       1.211892       1.212253    
   1.212614       1.212980       1.213348       1.213721       1.214098    
   1.214478       1.214863       1.215249       1.215635       1.216022    
   1.216410       1.216801       1.217192       1.217585       1.217981    
   1.218379       1.218782       1.219190       1.219598       1.220010    
   1.220421       1.220835       1.221249       1.221667       1.222087    
   1.222511       1.222942       1.223378       1.223821       1.224270    
   1.224724       1.225182       1.225643       1.226109       1.226575    
   1.227044       1.227513       1.227983       1.228455       1.228928    
   1.229402       1.229881       1.230362       1.230847       1.231336    
   1.231827       1.232320       1.232816       1.233318       1.233824    
   1.234336       1.234852       1.235373       1.235898       1.236428    
   1.236962       1.237499       1.238040       1.238583       1.239129    
   1.239677       1.240225       1.240774       1.241320       1.241869    
   1.242421       1.242976       1.243536       1.244100       1.244670    
   1.245245       1.245825       1.246411       1.247003       1.247604    
   1.248211       1.248825       1.249444       1.250066       1.250691    
   1.251315       1.251940       1.252572       1.253211       1.253856    
   1.254509       1.255168       1.255834       1.256505       1.257182    
   1.257864       1.258551       1.259242       1.259939       1.260643    
   1.261352       1.262065       1.262778       1.263491       1.264207    
   1.264932       1.265665       1.266405       1.267154       1.267909    
   1.268672       1.269441       1.270215       1.270995       1.271779    
   1.272565       1.273359       1.274163       1.274973       1.275788    
   1.276604       1.277421       1.278242       1.279073       1.279912    
   1.280759       1.281614       1.282476       1.283343       1.284216    
   1.285092       1.285971       1.286857       1.287756       1.288666    
   1.289584       1.290509       1.291437       1.292367       1.293296    
   1.294224       1.295156       1.296093       1.297034       1.297977    
   1.298921       1.299865       1.300816       1.301777       1.302750    
   1.303732       1.304724       1.305722       1.306728       1.307737    
   1.308748       1.309759       1.310766       1.311767       1.312760    
   1.313751       1.314748       1.315754       1.316767       1.317788    
   1.318815       1.319848       1.320886       1.321929       1.322975    
   1.324023       1.325072       1.326119       1.327165       1.328214    
   1.329266       1.330319       1.331373       1.332427       1.333481    
   1.334541       1.335606       1.336674       1.337746       1.338818    
   1.339893       1.340969       1.342049       1.343135       1.344225    
   1.345322       1.346424       1.347533       1.348647       1.349768    
   1.350892       1.352020       1.353147       1.354274       1.355401    
   1.356533       1.357672       1.358817       1.359970       1.361130    
   1.362298       1.363473       1.364655       1.365843       1.367038    
   1.368238       1.369443       1.370651       1.371861       1.373070    
   1.374277       1.375480       1.376677       1.377867       1.379051    
   1.380229       1.381405       1.382583       1.383765       1.384953    
   1.386151       1.387357       1.388571       1.389794       1.391024    
   1.392263       1.393515       1.394779       1.396061       1.397363    
   1.398686       1.400037       1.401417       1.402826       1.404267    
   1.405738       1.407233       1.408749       1.410289       1.411859    
   1.413459       1.415087       1.416739       1.418413       1.420105    
   1.421813       1.423542       1.425291       1.427054       1.428826    
   1.430602       1.432377       1.434146       1.435914       1.437687    
   1.439463       1.441240       1.443014       1.444785       1.446547    
   1.448303       1.450053       1.451793       1.453519       1.455234    
   1.456941       1.458644       1.460341       1.462035       1.463728    
   1.465424       1.467127       1.468839       1.470563       1.472296    
   1.474040       1.475797       1.477572       1.479366       1.481183    
   1.483024       1.484889       1.486773       1.488670       1.490574    
   1.492477       1.494374       1.496271       1.498173       1.500080    
   1.501991       1.503908       1.505830       1.507758       1.509686    
   1.511612       1.513532       1.515442       1.517344       1.519238    
   1.521124       1.523001       1.524867       1.526723       1.528566    
   1.530395       1.532210       1.534010       1.535793       1.537550    
   1.539285       1.541003       1.542708       1.544410       1.546107    
   1.547797       1.549473       1.551125       1.552747       1.554334    
   1.555894       1.557435       1.558964       1.560484       1.561989    
   1.563472       1.564932       1.566365       1.567767       1.569137    
   1.570485       1.571814       1.573131       1.574429       1.575699    
   1.576936       1.578135       1.579295       1.580422       1.581522    
   1.582601       1.583655       1.584678       1.585668       1.586631    
   1.587568       1.588474       1.589345       1.590188       1.591000    
   1.591785       1.592544       1.593278       1.593990       1.594673    
   1.595323       1.595944       1.596533       1.597091       1.597619    
   1.598115       1.598577       1.598998       1.599379       1.599721    
   1.600028       1.600301       1.600545       1.600763       1.600950    
   1.601102       1.601221       1.601314       1.601381       1.601426    
   1.601453       1.601456       1.601429       1.601374       1.601293    
   1.601187       1.601058       1.600907       1.600728       1.600516    
   1.600274       1.600009       1.599726       1.599429       1.599125    
   1.598808       1.598474       1.598121       1.597750       1.597358    
   1.596946       1.596511       1.596053       1.595578       1.595090    
   1.594595       1.594098       1.593598       1.593083       1.592559    
   1.592032       1.591509       1.590991       1.590479       1.589959    
   1.589431       1.588899       1.588369       1.587846       1.587332    
   1.586818       1.586305       1.585802       1.585313       1.584842    
   1.584392       1.583959       1.583537       1.583122       1.582710    
   1.582293       1.581864       1.581429       1.580998       1.580584    
   1.580196       1.579838       1.579494       1.579169       1.578867    
   1.578592       1.578347       1.578128       1.577933       1.577761    
   1.577612       1.577486       1.577381       1.577299       1.577242    
   1.577212       1.577208       1.577232       1.577281       1.577354    
   1.577449       1.577565       1.577702       1.577858       1.578035    
   1.578231       1.578450       1.578692       1.578958       1.579244    
   1.579550       1.579873       1.580211       1.580562       1.580925    
   1.581297       1.581684       1.582084       1.582497       1.582924    
   1.583366       1.583821       1.584289       1.584770       1.585266    
   1.585785       1.586326       1.586887       1.587465       1.588059    
   1.588666       1.589283       1.589908       1.590551       1.591222    
   1.591917       1.592633       1.593368       1.594119       1.594881    
   1.595653       1.596429       1.597207       1.597982       1.598751    
   1.599526       1.600316       1.601119       1.601931       1.602751    
   1.603574       1.604399       1.605223       1.606042       1.606853    
   1.607654       1.608448       1.609245       1.610044       1.610844    
   1.611642       1.612437       1.613226       1.614007       1.614778    
   1.615537       1.616280       1.617014       1.617738       1.618454    
   1.619161       1.619860       1.620551       1.621233       1.621909    
   1.622576       1.623236       1.623889       1.624535       1.625175    
   1.625810       1.626439       1.627063       1.627686       1.628308    
   1.628928       1.629546       1.630163       1.630778       1.631391    
   1.632000       1.632607       1.633210       1.633814       1.634417    
   1.635019       1.635620       1.636219       1.636816       1.637408    
   1.637997       1.638580       1.639158       1.639728       1.640290    
   1.640843       1.641386       1.641922       1.642453       1.642976    
   1.643494       1.644003       1.644506       1.645000       1.645486    
   1.645962       1.646429       1.646885       1.647329       1.647760    
   1.648177       1.648580       1.648969       1.649345       1.649708    
   1.650060       1.650401       1.650733       1.651054       1.651369    
   1.651676       1.651976       1.652269       1.652545       1.652807    
   1.653057       1.653297       1.653527       1.653753       1.653974    
   1.654194       1.654415       1.654638       1.654866       1.655097    
   1.655323       1.655548       1.655770       1.655989       1.656207    
   1.656423       1.656638       1.656852       1.657066       1.657280    
   1.657493       1.657706       1.657917       1.658127       1.658337    
   1.658545       1.658752       1.658958       1.659161       1.659364    
   1.659564       1.659764       1.659961       1.660155       1.660346    
   1.660533       1.660716       1.660895       1.661068       1.661236    
   1.661396       1.661550       1.661695       1.661832       1.661963    
   1.662086       1.662204       1.662316       1.662423       1.662524    
   1.662620       1.662714       1.662803       1.662890       1.662976    
   1.663060       1.663144       1.663228       1.663312       1.663392    
   1.663467       1.663539       1.663606       1.663672       1.663735    
   1.663797       1.663859       1.663920       1.663982       1.664045    
   1.664109       1.664175       1.664243       1.664315       1.664389    
   1.664467       1.664545       1.664625       1.664707       1.664789    
   1.664872       1.664955       1.665040       1.665124       1.665209    
   1.665293       1.665378       1.665462       1.665546       1.665630    
   1.665714       1.665797       1.665878       1.665959       1.666038    
   1.666115       1.666191       1.666265       1.666337       1.666407    
   1.666474       1.666538       1.666599       1.666657       1.666711    
   1.666761       1.666807       1.666847       1.666884       1.666917    
   1.666945       1.666969       1.666991       1.667010       1.667025    
   1.667038       1.667047       1.667056       1.667062       1.667067    
   1.667071       1.667075       1.667078       1.667080       1.667084    
   1.667088       1.667093       1.667100       1.667108       1.667120    
   1.667134       1.667147       1.667162       1.667175       1.667188    
   1.667201       1.667214       1.667226       1.667238       1.667249    
   1.667261       1.667271       1.667282       1.667292       1.667303    
   1.667313       1.667324       1.667335       1.667346       1.667358    
   1.667371       1.667385       1.667399       1.667415       1.667432    
   1.667452       1.667473       1.667495       1.667520       1.667544    
   1.667571       1.667598       1.667626       1.667655       1.667683    
   1.667712       1.667741       1.667769       1.667796       1.667821    
   1.667846       1.667868       1.667889       1.667906       1.667922    
   1.667937       1.667952       1.667965       1.667977       1.667987    
   1.667997       1.668006       1.668014       1.668020       1.668025    
   1.668028       1.668031       1.668031       1.668031       1.668029    
   1.668026       1.668020       1.668014       1.668005       1.667994    
   1.667981       1.667965       1.667948       1.667930       1.667911    
   1.667892       1.667872       1.667851       1.667832       1.667813    
   1.667794       1.667777       1.667760       1.667746       1.667733    
   1.667722       1.667712       1.667701       1.667692       1.667683    
   1.667676       1.667668       1.667661       1.667655       1.667648    
   1.667643       1.667637       1.667632       1.667627       1.667623    
   1.667619       1.667615       1.667611       1.667606       1.667603    
   1.667598       1.667594       1.667589       1.667585       1.667580    
   1.667575       1.667570       1.667564       1.667558       1.667551    
   1.667544       1.667537       1.667529       1.667520       1.667512    
   1.667504       1.667496       1.667486       1.667476       1.667466    
   1.667456       1.667445       1.667433       1.667421       1.667408    
   1.667395       1.667381       1.667367       1.667351       1.667336    
   1.667320       1.667303       1.667287       1.667269       1.667251    
   1.667233       1.667215       1.667195       1.667176       1.667156    
   1.667136       1.667116       1.667095       1.667075       1.667054    
   1.667033       1.667012       1.666991       1.666970       1.666949    
   1.666928       1.666907       1.666886       1.666866       1.666845    
   1.666825       1.666803       1.666784       1.666763       1.666742    
   1.666722       1.666702       1.666681       1.666660       1.666641    
   1.666620       1.666599       1.666578       1.666558       1.666537    
   1.666516       1.666496       1.666475       1.666454       1.666433    
   1.666412       1.666390       1.666369       1.666347       1.666325    
   1.666303       1.666280       1.666257       1.666234       1.666209    
   1.666184       1.666157       1.666129       1.666101       1.666072    
   1.666043       1.666013       1.665982       1.665951       1.665920    
   1.665889       1.665858       1.665827       1.665796       1.665766    
   1.665736       1.665708       1.665680       1.665653       1.665627    
   1.665601       1.665575       1.665550       1.665525       1.665500    
   1.665475       1.665451       1.665426       1.665402       1.665378    
   1.665354       1.665331       1.665308       1.665285       1.665262    
   1.665239       1.665218       1.665196       1.665175       1.665154    
   1.665133       1.665113       1.665093       1.665073       1.665054    
   1.665036       1.665017       1.665000       1.664983       1.664967    
   1.664951       1.664936       1.664922       1.664909       1.664896    
   1.664884       1.664873       1.664862       1.664852       1.664842    
   1.664833       1.664825       1.664817       1.664809       1.664802    
   1.664797       1.664791       1.664787       1.664784       1.664780    
   1.664777       1.664775       1.664772       1.664770       1.664768    
   1.664766       1.664763       1.664761       1.664758       1.664756    
   1.664753       1.664749       1.664745       1.664741       1.664736    
   1.664730       1.664723       1.664717       1.664711       1.664703    
   1.664697       1.664690       1.664683       1.664676       1.664670    
   1.664663       1.664656       1.664650       1.664644       1.664638    
   1.664632       1.664627       1.664622       1.664616       1.664611    
   1.664607       1.664602       1.664597       1.664593       1.664589    
   1.664586       1.664582       1.664578       1.664575       1.664572    
   1.664569       1.664566       1.664563       1.664560       1.664556    
   1.664554       1.664550       1.664545       1.664542       1.664538    
   1.664534       1.664530       1.664526       1.664521       1.664518    
   1.664513       1.664509       1.664505       1.664501       1.664497    
   1.664493       1.664489       1.664485       1.664482       1.664479    
   1.664475       1.664472       1.664470       1.664467       1.664464    
   1.664463       1.664461       1.664459       1.664458       1.664456    
   1.664455       1.664454       1.664454       1.664454       1.664455    
   1.664456       1.664457       1.664458       1.664460       1.664462    
   1.664464       1.664466       1.664468       1.664470       1.664473    
   1.664474       1.664477       1.664480       1.664482       1.664483    
   1.664486       1.664488       1.664490       1.664492       1.664493    
   1.664495       1.664496       1.664497       1.664498       1.664499    
   1.664500       1.664501       1.664503       1.664506       1.664508    
   1.664512       1.664516       1.664521       1.664526       1.664532    
   1.664538       1.664546       1.664552       1.664559       1.664566    
   1.664573       1.664581       1.664588       1.664596       1.664603    
   1.664611       1.664618       1.664625       1.664632       1.664638    
   1.664644       1.664650       1.664656       1.664660       1.664665    
   1.664669       1.664673       1.664676       1.664679       1.664682    
   1.664685       1.664687       1.664690       1.664692       1.664694    
   1.664697       1.664700       1.664701       1.664704       1.664707    
   1.664711       1.664714       1.664717       1.664721       1.664725    
   1.664729       1.664734       1.664739       1.664744       1.664749    
   1.664755       1.664761       1.664768       1.664774       1.664781    
   1.664788       1.664796       1.664803       1.664812       1.664820    
   1.664829       1.664838       1.664848       1.664858       1.664868    
   1.664879       1.664890       1.664901       1.664912       1.664924    
   1.664935       1.664946       1.664958       1.664970       1.664982    
   1.664994       1.665006       1.665018       1.665030       1.665042    
   1.665053       1.665066       1.665077       1.665089       1.665100    
   1.665112       1.665123       1.665134       1.665146       1.665157    
   1.665168       1.665179       1.665191       1.665201       1.665213    
   1.665224       1.665235       1.665247       1.665258       1.665269    
   1.665281       1.665292       1.665303       1.665315       1.665327    
   1.665338       1.665350       1.665362       1.665373       1.665385    
   1.665396       1.665408       1.665419       1.665432       1.665443    
   1.665454       1.665466       1.665477       1.665489       1.665500    
   1.665511       1.665523       1.665534       1.665545       1.665556    
   1.665567       1.665577       1.665588       1.665598       1.665609    
   1.665619       1.665629       1.665638       1.665648       1.665657    
   1.665666       1.665675       1.665684       1.665692       1.665701    
   1.665709       1.665717       1.665725       1.665733       1.665740    
   1.665747       1.665755       1.665762       1.665769       1.665776    
   1.665783       1.665790       1.665798       1.665805       1.665813    
   1.665820       1.665828       1.665836       1.665844       1.665853    
   1.665862       1.665871       1.665880       1.665890       1.665899    
   1.665910       1.665921       1.665931       1.665943       1.665954    
   1.665966       1.665978       1.665990       1.666003       1.666016    
   1.666028       1.666041       1.666054       1.666067       1.666080    
   1.666094       1.666107       1.666121       1.666134       1.666147    
   1.666161       1.666174       1.666187       1.666201       1.666213    
   1.666227       1.666240       1.666251       1.666264       1.666276    
   1.666288       1.666299       1.666311       1.666321       1.666332    
   1.666343       1.666353       1.666363       1.666372       1.666381    
   1.666390       1.666400       1.666408       1.666417       1.666425    
   1.666433       1.666442       1.666450       1.666458       1.666466    
   1.666474       1.666482       1.666491       1.666499       1.666506    
   1.666516       1.666524       1.666533       1.666541       1.666550    
   1.666559       1.666568       1.666577       1.666587       1.666596    
   1.666605       1.666614       1.666623       1.666632       1.666641    
   1.666651       1.666659       1.666668       1.666677       1.666685    
   1.666694       1.666702       1.666711       1.666719       1.666727    
   1.666735       1.666743       1.666751       1.666758       1.666766    
   1.666773       1.666780       1.666787       1.666794       1.666801    
   1.666808       1.666814       1.666821       1.666827       1.666834    
   1.666841       1.666847       1.666853       1.666859       1.666865    
   1.666872       1.666878       1.666884       1.666890       1.666896    
   1.666903       1.666909       1.666915       1.666921       1.666927    
   1.666934       1.666941       1.666947       1.666954       1.666961    
   1.666968       1.666975       1.666982       1.666990       1.666998    
   1.667005       1.667013       1.667022       1.667030       1.667038    
   1.667047       1.667055       1.667064       1.667073       1.667081    
   1.667090       1.667099       1.667109       1.667118       1.667128    
   1.667137       1.667147       1.667157       1.667167       1.667178    
   1.667187       1.667198       1.667207       1.667218       1.667228    
   1.667238       1.667246       1.667256       1.667265       1.667274    
   1.667282       1.667291       1.667299       1.667307       1.667314    
   1.667321       1.667328       1.667335       1.667341       1.667346    
   1.667352       1.667358       1.667363       1.667368       1.667373    
   1.667378       1.667383       1.667388       1.667393       1.667399    
   1.667403       1.667409       1.667415       1.667420       1.667427    
   1.667434       1.667440       1.667447       1.667454       1.667460    
   1.667468       1.667475       1.667482       1.667490       1.667497    
   1.667505       1.667512       1.667520       1.667528       1.667535    
   1.667542       1.667550       1.667557       1.667565       1.667572    
   1.667579       1.667586       1.667593       1.667600       1.667606    
   1.667613       1.667620       1.667625       1.667631       1.667637    
   1.667642       1.667649       1.667654       1.667660       1.667665    
   1.667670       1.667676       1.667681       1.667686       1.667692    
   1.667697       1.667702       1.667707       1.667713       1.667718    
   1.667724       1.667728       1.667734       1.667739       1.667745    
   1.667750       1.667756       1.667762       1.667768       1.667774    
   1.667780       1.667786       1.667792       1.667799       1.667806    
   1.667811       1.667818       1.667824       1.667830       1.667836    
   1.667842       1.667848       1.667854       1.667859       1.667865    
   1.667871       1.667876       1.667881       1.667886       1.667891    
   1.667896       1.667901       1.667905       1.667911       1.667915    
   1.667920       1.667924       1.667928       1.667933       1.667938    
   1.667942       1.667946       1.667951       1.667955       1.667960    
   1.667964       1.667969       1.667973       1.667979       1.667983    
   1.667987       1.667992       1.667998       1.668002       1.668008    
   1.668012       1.668018       1.668023       1.668028       1.668034    
   1.668039       1.668044       1.668049       1.668055       1.668060    
   1.668066       1.668070       1.668076       1.668080       1.668086    
   1.668091       1.668095       1.668100       1.668105       1.668109    
   1.668113       1.668116       1.668120       1.668124       1.668127    
   1.668131       1.668133       1.668136       1.668138       1.668140    
   1.668143       1.668144       1.668144       1.668145       1.668146    
   1.668146       1.668146       1.668147       1.668147       1.668146    
   1.668146       1.668145       1.668144       1.668143       1.668142    
   1.668141       1.668140       1.668139       1.668138       1.668136    
   1.668134       1.668133       1.668131       1.668130       1.668129    
   1.668128       1.668127       1.668126       1.668124       1.668123    
   1.668123       1.668122       1.668122       1.668121       1.668121    
   1.668121       1.668121       1.668121       1.668122       1.668122    
   1.668123       1.668124       1.668125       1.668126       1.668128    
   1.668130       1.668132       1.668133       1.668134       1.668136    
   1.668138       1.668140       1.668142       1.668144       1.668145    
   1.668147       1.668148       1.668150       1.668151       1.668153    
   1.668154       1.668155       1.668156       1.668157       1.668159    
   1.668159       1.668160       1.668160       1.668161       1.668161    
   1.668162       1.668162       1.668162       1.668162       1.668162    
   1.668162       1.668161       1.668160       1.668160       1.668159    
   1.668158       1.668158       1.668157       1.668156       1.668156    
   1.668155       1.668154       1.668154       1.668153       1.668153    
   1.668152       1.668152       1.668151       1.668151       1.668151    
   1.668151       1.668151       1.668151       1.668151       1.668152    
   1.668151       1.668151       1.668152       1.668151       1.668152    
   1.668153       1.668152       1.668153       1.668153       1.668153    
   1.668153       1.668153       1.668153       1.668153       1.668153    
   1.668152       1.668152       1.668151       1.668151       1.668150    
   1.668150       1.668149       1.668148       1.668147       1.668146    
   1.668144       1.668143       1.668142       1.668141       1.668139    
   1.668137       1.668136       1.668135       1.668134       1.668132    
   1.668131       1.668130       1.668129       1.668128       1.668126    
   1.668125       1.668124       1.668123       1.668123       1.668122    
   1.668121       1.668121       1.668121       1.668120       1.668120    
   1.668120       1.668120       1.668120       1.668120       1.668121    
   1.668122       1.668122       1.668123       1.668123       1.668124    
   1.668125       1.668126       1.668126       1.668127       1.668128    
   1.668129       1.668129       1.668130       1.668131       1.668131    
   1.668133       1.668134       1.668134       1.668135       1.668136    
   1.668137       1.668138       1.668139       1.668140       1.668141    
   1.668142       1.668143       1.668145       1.668146       1.668147    
   1.668148       1.668150       1.668151       1.668152       1.668154    
   1.668156       1.668158       1.668159       1.668160       1.668163    
   1.668164       1.668166       1.668168       1.668171       1.668172    
   1.668175       1.668177       1.668179       1.668181       1.668184    
   1.668186       1.668189       1.668191       1.668194       1.668197    
   1.668199       1.668202       1.668204       1.668207       1.668210    
   1.668212       1.668215       1.668218       1.668220       1.668223    
   1.668226       1.668228       1.668231       1.668233       1.668236    
   1.668237       1.668240       1.668242       1.668244       1.668246    
   1.668247       1.668249       1.668251       1.668252       1.668254    
   1.668255       1.668257       1.668257       1.668259       1.668259    
   1.668260       1.668261       1.668262       1.668262       1.668262    
   1.668263       1.668263       1.668264       1.668264       1.668264    
   1.668264       1.668264       1.668264       1.668263       1.668263    
   1.668263       1.668262       1.668262       1.668261       1.668262    
   1.668261       1.668260       1.668260       1.668259       1.668259    
   1.668258       1.668257       1.668257       1.668256       1.668255    
   1.668255       1.668254       1.668253       1.668252       1.668252    
   1.668251       1.668250       1.668250       1.668249       1.668249    
   1.668248       1.668247       1.668247       1.668247       1.668246    
   1.668245       1.668245       1.668245       1.668244       1.668243    
   1.668244       1.668243       1.668243       1.668242       1.668242    
   1.668242       1.668242       1.668242       1.668242       1.668242    
   1.668242       1.668242       1.668242       1.668242       1.668242    
   1.668243       1.668243       1.668243       1.668243       1.668244    
   1.668245       1.668244       1.668245       1.668245       1.668246    
   1.668246       1.668246       1.668247       1.668247       1.668248    
   1.668248       1.668249       1.668249       1.668249       1.668250    
   1.668250       1.668251       1.668252       1.668252       1.668252    
   1.668253       1.668253       1.668254       1.668253       1.668255    
   1.668255       1.668255       1.668256       1.668256       1.668257    
   1.668257       1.668258       1.668258       1.668259       1.668259    
   1.668259       1.668260       1.668261       1.668261       1.668261    
   1.668262       1.668262       1.668263       1.668263       1.668263    
   1.668264       1.668264       1.668265       1.668265       1.668265    
   1.668266       1.668266       1.668267       1.668267       1.668267    
   1.668268       1.668268       1.668269       1.668269       1.668269    
   1.668270       1.668270       1.668270       1.668270       1.668271    
   1.668271       1.668272       1.668272       1.668272       1.668273    
   1.668273       1.668273       1.668273       1.668273       1.668274    
   1.668274       1.668274       1.668275       1.668275       1.668275    
   1.668275       1.668275       1.668276       1.668276       1.668276    
   1.668276       1.668277       1.668277       1.668277       1.668277    
   1.668277       1.668277       1.668277       1.668278       1.668278    
   1.668278       1.668278       1.668279       1.668278       1.668279    
   1.668278       1.668279       1.668279       1.668279       1.668279    
   1.668279       1.668280       1.668280       1.668280       1.668280    
   1.668280       1.668280       1.668280       1.668280       1.668281    
   1.668281       1.668281       1.668281       1.668281       1.668281    
   1.668281       1.668281       1.668281       1.668281       1.668281    
   1.668281       1.668282       1.668282       1.668281       1.668282    
   1.668282       1.668282       1.668282       1.668282       1.668282    
   1.668282       1.668282       1.668283       1.668282       1.668282    
   1.668282       1.668283       1.668283       1.668283       1.668283    
   1.668283       1.668282       1.668283       1.668283       1.668283    
   1.668283       1.668283       1.668283       1.668283       1.668283    
   1.668283       1.668283       1.668283       1.668283       1.668283    
   1.668283       1.668283       1.668283       1.668283       1.668284    
   1.668284       1.668284       1.668284       1.668284       1.668284    
   1.668284       1.668284       1.668283       1.668284       1.668284    
   1.668284       1.668284       1.668284       1.668284       1.668284    
   1.668284       1.668284       1.668284       1.668284       1.668284    
   1.668284       1.668284       1.668284       1.668284       1.668284    
   1.668284       1.668284       1.668284       1.668284       1.668284    
   1.668284       1.668284       1.668284       1.668284       1.668284    
   1.668284       1.668284       1.668284       1.668284       1.668284    
   1.668284       1.668284       1.668284       1.668285       1.668284    
   1.668284       1.668284       1.668284       1.668284       1.668284    
   1.668284       1.668285       1.668284       1.668284       1.668284    
   1.668285       1.668284       1.668285       1.668284       1.668284    
   1.668284       1.668284       1.668285       1.668284       1.668285    
   1.668284       1.668285       1.668285       1.668285       1.668285    
   1.668285       1.668284       1.668285       1.668285       1.668285    
   1.668285       1.668284       1.668284       1.668284       1.668284    
   1.668284       1.668284       1.668284       1.668285       1.668285    
   1.668285       1.668285       1.668284       1.668284       1.668285    
   1.668284       1.668285       1.668285       1.668284       1.668284    
   1.668285       1.668285       1.668285       1.668284       1.668284    
   1.668285       1.668285       1.668285       1.668285       1.668285    
