   996.2773       1050.125       1107.302       1168.000       1232.423    
   1300.789       1373.325       1450.275       1531.898       1618.466    
   1710.269       1807.613       1910.823       2020.244       2136.238    
   2259.191       2389.510       2527.627       2674.004       2829.134    
   2993.532       3167.748       3352.358       3547.971       3755.231    
   3974.810       4207.418       4453.802       4714.738       4991.044    
   5283.558       5593.137       5920.626       6266.950       6633.151    
   7020.300       7429.482       7861.812       8318.441       8800.586    
   9309.504       9846.521       10413.05       11010.58       11640.74    
   12305.36       13006.39       13745.92       14526.08       15348.92    
   16216.40       17131.23       18096.75       19116.30       20194.47    
   21335.16       22539.33       23809.22       25150.32       26567.23    
   28063.60       29644.35       31314.16       33072.84       34922.70    
   36871.57       38926.06       41091.55       43372.62       45772.73    
   48293.91       50936.56       53700.32       56584.28       59585.35    
   62698.84       65917.71       69231.21       72625.48       76084.76    
   77423.16       78767.91       80117.67       81471.06       82826.54    
   84182.41       85536.83       86887.85       88233.55       89572.04    
   90901.37       92219.63       93524.91       94815.26       96088.72    
   97343.34       98577.42       99789.42       100977.9       102141.5    
   103278.9       104389.0       105470.8       106523.7       107547.3    
   108541.4       109506.2       110442.7       111351.8       112235.3    
   113095.3       113933.7       114752.5       115554.1       116341.7    
   117118.8       117889.1       118656.3       119424.1       120196.2    
   120976.2       121767.5       122573.3       123396.1       124238.2    
   125101.0       125984.5       126887.7       127809.8       128749.1    
   129703.6       130671.8       131652.3       132644.8       133649.7    
   134667.6       135699.6       136746.9       137811.2       138894.0    
   139997.2       141123.0       142273.1       143449.3       144653.3    
   145886.9       147152.2       148451.2       149785.3       151156.4    
   152566.1       154016.3       155508.9       157045.6       158628.0    
   160257.8       161936.7       163666.6       165449.2       167286.2    
   169179.2       171130.0       173140.3       175211.8       177346.5    
   179545.7       181811.3       184144.9       186548.4       189023.4    
   191571.6       194194.7       196894.3       199672.2       202530.4    
   205470.3       208494.0       211603.0       214799.4       218084.9    
   221461.3       224930.6       228494.5       232155.1       235914.2    
   239773.8       243735.8       247802.5       251975.6       256257.4    
   260649.8       265155.2       269775.5       274513.1       279370.1    
   284348.8       289451.3       294680.2       300037.8       305526.5    
   311148.7       316907.0       322804.3       328843.4       335027.2    
   341358.4       347840.0       354475.2       361267.1       368218.8    
   375333.5       382614.8       390065.8       397689.9       405491.0    
   413472.3       421637.7       429990.5       438534.9       447274.7    
   456213.5       465355.8       474705.8       484268.0       494046.8    
   504046.8       514272.9       524729.5       535422.0       546355.2    
   557534.2       568964.2       580650.4       592598.6       604814.2    
   617302.7       630069.6       643121.1       656462.8       670101.0    
   684042.1       698292.6       712859.6       727749.4       742969.4    
   758526.6       774428.5       790682.3       807295.5       824275.9    
   841631.4       859369.8       877499.8       896029.3       914966.8    
   934321.0       954101.1       974316.1       994975.1       1016089.    
   1037666.       1059717.       1082252.       1105283.       1128818.    
   1152870.       1177449.       1202567.       1228236.       1254466.    
   1281271.       1308663.       1336654.       1365257.       1394485.    
   1424351.       1454869.       1486054.       1517920.       1550482.    
   1583753.       1617751.       1652491.       1687989.       1724261.    
   1761323.       1799193.       1837889.       1877426.       1917824.    
   1959100.       2001274.       2044364.       2088391.       2133376.    
   2179337.       2226298.       2274278.       2323301.       2373388.    
   2424563.       2476848.       2530268.       2584844.       2640605.    
   2697573.       2755774.       2815236.       2875985.       2938049.    
   3001454.       3066232.       3132411.       3200020.       3269092.    
   3339655.       3411743.       3485388.       3560621.       3637480.    
   3715996.       3796204.       3878143.       3961846.       4047353.    
   4134701.       4223930.       4315078.       4408188.       4503300.    
   4600456.       4699702.       4801081.       4904636.       5010414.    
   5118464.       5228832.       5341566.       5456718.       5574336.    
   5694475.       5817185.       5942522.       6070542.       6201299.    
   6334852.       6471262.       6610584.       6752884.       6898220.    
   7046661.       7198262.       7353098.       7511234.       7672738.    
   7837679.       8006134.       8178168.       8353862.       8533290.    
   8716530.       8903661.       9094766.       9289924.       9489219.    
   9692739.       9900570.      1.0112801E+07  1.0329523E+07  1.0550828E+07
  1.0776810E+07  1.1007572E+07  1.1243202E+07  1.1483806E+07  1.1729489E+07
  1.1980355E+07  1.2236510E+07  1.2498057E+07  1.2765117E+07  1.3037794E+07
  1.3316209E+07  1.3600475E+07  1.3890714E+07  1.4187043E+07  1.4489588E+07
  1.4798481E+07  1.5113844E+07  1.5435813E+07  1.5764521E+07  1.6100112E+07
  1.6442715E+07  1.6792480E+07  1.7149550E+07  1.7514078E+07  1.7886216E+07
  1.8266102E+07  1.8653908E+07  1.9049788E+07  1.9453902E+07  1.9866416E+07
  2.0287500E+07  2.0717332E+07  2.1156080E+07  2.1603916E+07  2.2061032E+07
  2.2527622E+07  2.3003852E+07  2.3489936E+07  2.3986072E+07  2.4492448E+07
  2.5009282E+07  2.5536770E+07  2.6075128E+07  2.6624560E+07  2.7185300E+07
  2.7757556E+07  2.8341576E+07  2.8937576E+07  2.9545804E+07  3.0166492E+07
  3.0799884E+07  3.1446240E+07  3.2105796E+07  3.2778832E+07  3.3465592E+07
  3.4166360E+07  3.4881416E+07  3.5611020E+07  3.6355456E+07  3.7115036E+07
  3.7890016E+07  3.8680728E+07  3.9487464E+07  4.0310512E+07  4.1150220E+07
  4.2006896E+07  4.2880884E+07  4.3772496E+07  4.4682084E+07  4.5609988E+07
  4.6556560E+07  4.7522152E+07  4.8507140E+07  4.9511888E+07  5.0536752E+07
  5.1582124E+07  5.2648392E+07  5.3735944E+07  5.4845184E+07  5.5976512E+07
  5.7130344E+07  5.8307124E+07  5.9507268E+07  6.0731216E+07  6.1979432E+07
  6.3252360E+07  6.4550472E+07  6.5874236E+07  6.7224120E+07  6.8600624E+07
  7.0004224E+07  7.1435408E+07  7.2894728E+07  7.4382656E+07  7.5899720E+07
  7.7446464E+07  7.9023416E+07  8.0631136E+07  8.2270240E+07  8.3941208E+07
  8.5644688E+07  8.7381272E+07  8.9151552E+07  9.0956160E+07  9.2795688E+07
  9.4670720E+07  9.6581968E+07  9.8530056E+07  1.0051563E+08  1.0253940E+08
  1.0460201E+08  1.0670422E+08  1.0884668E+08  1.1103013E+08  1.1325531E+08
  1.1552291E+08  1.1783378E+08  1.2018863E+08  1.2258823E+08  1.2503334E+08
  1.2752481E+08  1.3006337E+08  1.3264990E+08  1.3528518E+08  1.3797016E+08
  1.4070566E+08  1.4349262E+08  1.4633189E+08  1.4922451E+08  1.5217128E+08
  1.5517333E+08  1.5823144E+08  1.6134662E+08  1.6451992E+08  1.6775224E+08
  1.7104456E+08  1.7439794E+08  1.7781342E+08  1.8129211E+08  1.8483498E+08
  1.8844323E+08  1.9211802E+08  1.9586046E+08  1.9967170E+08  2.0355301E+08
  2.0750547E+08  2.1153042E+08  2.1562906E+08  2.1980254E+08  2.2405224E+08
  2.2837936E+08  2.3278522E+08  2.3727114E+08  2.4183837E+08  2.4648850E+08
  2.5122261E+08  2.5604235E+08  2.6094899E+08  2.6594402E+08  2.7102890E+08
  2.7620512E+08  2.8147418E+08  2.8683757E+08  2.9229693E+08  2.9785382E+08
  3.0350992E+08  3.0926688E+08  3.1512624E+08  3.2108973E+08  3.2715930E+08
  3.3333632E+08  3.3962266E+08  3.4602006E+08  3.5253034E+08  3.5915520E+08
  3.6589667E+08  3.7275651E+08  3.7973661E+08  3.8683901E+08  3.9406563E+08
  4.0141840E+08  4.0889955E+08  4.1651091E+08  4.2425472E+08  4.3213315E+08
  4.4014797E+08  4.4830170E+08  4.5659651E+08  4.6503462E+08  4.7361850E+08
  4.8235024E+08  4.9123216E+08  5.0026666E+08  5.0945616E+08  5.1880294E+08
  5.2830944E+08  5.3797811E+08  5.4781114E+08  5.5781165E+08  5.6798170E+08
  5.7832403E+08  5.8884102E+08  5.9953549E+08  6.1040973E+08  6.2146675E+08
  6.3270861E+08  6.4413862E+08  6.5575923E+08  6.6757299E+08  6.7958304E+08
  6.9179200E+08  7.0420269E+08  7.1681779E+08  7.2964032E+08  7.4267290E+08
  7.5591859E+08  7.6937971E+08  7.8306016E+08  7.9696224E+08  8.1108915E+08
  8.2544390E+08  8.4002957E+08  8.5484928E+08  8.6990624E+08  8.8520378E+08
  9.0074502E+08  9.1653331E+08  9.3257197E+08  9.4886490E+08  9.6541523E+08
  9.8222643E+08  9.9930259E+08  1.0166469E+09  1.0342627E+09  1.0521546E+09
  1.0703257E+09  1.0887799E+09  1.1075215E+09  1.1265536E+09  1.1458810E+09
  1.1655067E+09  1.1854349E+09  1.2056698E+09  1.2262152E+09  1.2470748E+09
  1.2682532E+09  1.2897541E+09  1.3115817E+09  1.3337400E+09  1.3562335E+09
  1.3790659E+09  1.4022420E+09  1.4257656E+09  1.4496412E+09  1.4738733E+09
  1.4984659E+09  1.5234243E+09  1.5487524E+09  1.5744548E+09  1.6005370E+09
  1.6270033E+09  1.6538586E+09  1.6811072E+09  1.7087547E+09  1.7368052E+09
  1.7652648E+09  1.7941373E+09  1.8234296E+09  1.8531461E+09  1.8832916E+09
  1.9138725E+09  1.9448937E+09  1.9763610E+09  2.0082803E+09  2.0406570E+09
  2.0734970E+09  2.1068063E+09  2.1405912E+09  2.1748567E+09  2.2096097E+09
  2.2448573E+09  2.2806049E+09  2.3168596E+09  2.3536269E+09  2.3909156E+09
  2.4287306E+09  2.4670799E+09  2.5059715E+09  2.5454108E+09  2.5854065E+09
  2.6259643E+09  2.6670925E+09  2.7087982E+09  2.7510894E+09  2.7939748E+09
  2.8374607E+09  2.8815557E+09  2.9262687E+09  2.9716060E+09  3.0175785E+09
  3.0641925E+09  3.1114591E+09  3.1593846E+09  3.2079803E+09  3.2572541E+09
  3.3072169E+09  3.3578775E+09  3.4092436E+09  3.4613281E+09  3.5141394E+09
  3.5676879E+09  3.6219850E+09  3.6770391E+09  3.7328640E+09  3.7894689E+09
  3.8468659E+09  3.9050660E+09  3.9640822E+09  4.0239250E+09  4.0846070E+09
  4.1461404E+09  4.2085373E+09  4.2718090E+09  4.3359703E+09  4.4010332E+09
  4.4670111E+09  4.5339167E+09  4.6017654E+09  4.6705690E+09  4.7403448E+09
  4.8111037E+09  4.8828631E+09  4.9556372E+09  5.0294426E+09  5.1042934E+09
  5.1802071E+09  5.2571976E+09  5.3352837E+09  5.4144819E+09  5.4948086E+09
  5.5762816E+09  5.6589204E+09  5.7427405E+09  5.8277606E+09  5.9140024E+09
  6.0014822E+09  6.0902216E+09  6.1802414E+09  6.2715602E+09  6.3641979E+09
  6.4581745E+09  6.5535124E+09  6.6502328E+09  6.7483592E+09  6.8479109E+09
  6.9489142E+09  7.0513889E+09  7.1553587E+09  7.2608502E+09  7.3678858E+09
  7.4764897E+09  7.5866885E+09  7.6985078E+09  7.8119741E+09  7.9271096E+09
  8.0439460E+09  8.1625114E+09  8.2828329E+09  8.4049357E+09  8.5288520E+09
  8.6546074E+09  8.7822346E+09  8.9117645E+09  9.0432236E+09  9.1766446E+09
  9.3120614E+09  9.4495037E+09  9.5889981E+09  9.7305887E+09  9.8742968E+09
  1.0020166E+10  1.0168223E+10  1.0318507E+10  1.0471049E+10  1.0625883E+10
  1.0783049E+10  1.0942586E+10  1.1104523E+10  1.1268902E+10  1.1435759E+10
  1.1605132E+10  1.1777063E+10  1.1951590E+10  1.2128749E+10  1.2308586E+10
  1.2491138E+10  1.2676447E+10  1.2864552E+10  1.3055505E+10  1.3249337E+10
  1.3446101E+10  1.3645844E+10  1.3848606E+10  1.4054437E+10  1.4263380E+10
  1.4475484E+10  1.4690793E+10  1.4909348E+10  1.5131207E+10  1.5356408E+10
  1.5585002E+10  1.5817039E+10  1.6052572E+10  1.6291647E+10  1.6534317E+10
  1.6780624E+10  1.7030621E+10  1.7284362E+10  1.7541890E+10  1.7803256E+10
  1.8068515E+10  1.8337718E+10  1.8610921E+10  1.8888178E+10  1.9169540E+10
  1.9455068E+10  1.9744813E+10  2.0038834E+10  2.0337193E+10  2.0639939E+10
  2.0947143E+10  2.1258854E+10  2.1575137E+10  2.1896059E+10  2.2221679E+10
  2.2552062E+10  2.2887270E+10  2.3227369E+10  2.3572433E+10  2.3922516E+10
  2.4277697E+10  2.4638042E+10  2.5003612E+10  2.5374489E+10  2.5750733E+10
  2.6132414E+10  2.6519615E+10  2.6912395E+10  2.7310832E+10  2.7714996E+10
  2.8124961E+10  2.8540789E+10  2.8962566E+10  2.9390359E+10  2.9824242E+10
  3.0264297E+10  3.0710604E+10  3.1163245E+10  3.1622291E+10  3.2087822E+10
  3.2559919E+10  3.3038658E+10  3.3524115E+10  3.4016379E+10  3.4515534E+10
  3.5021664E+10  3.5534860E+10  3.6055216E+10  3.6582826E+10  3.7117784E+10
  3.7660180E+10  3.8210114E+10  3.8767665E+10  3.9332934E+10  3.9906017E+10
  4.0487027E+10  4.1076027E+10  4.1673163E+10  4.2278515E+10  4.2892194E+10
  4.3514335E+10  4.4145029E+10  4.4784378E+10  4.5432513E+10  4.6089515E+10
  4.6755557E+10  4.7430713E+10  4.8115098E+10  4.8808854E+10  4.9512112E+10
  5.0224968E+10  5.0947588E+10  5.1680080E+10  5.2422578E+10  5.3175214E+10
  5.3938156E+10  5.4711484E+10  5.5495377E+10  5.6289952E+10  5.7095365E+10
  5.7911759E+10  5.8739266E+10  5.9578065E+10  6.0428288E+10  6.1290095E+10
  6.2163603E+10  6.3049019E+10  6.3946449E+10  6.4856068E+10  6.5778041E+10
  6.6712523E+10  6.7659641E+10  6.8619608E+10  6.9592556E+10  7.0578676E+10
  7.1578116E+10  7.2591065E+10  7.3617687E+10  7.4658177E+10  7.5712692E+10
  7.6781412E+10  7.7864526E+10  7.8962205E+10  8.0074662E+10  8.1202053E+10
  8.2344600E+10  8.3502498E+10  8.4675920E+10  8.5865112E+10  8.7070220E+10
  8.8291500E+10  8.9529188E+10  9.0783441E+10  9.2054495E+10  9.3342581E+10
  9.4647951E+10  9.5970763E+10  9.7311302E+10  9.8669756E+10  1.0004641E+11
  1.0144150E+11  1.0285525E+11  1.0428791E+11  1.0573974E+11  1.0721102E+11
  1.0870199E+11  1.1021291E+11  1.1174403E+11  1.1329575E+11  1.1486819E+11
  1.1646174E+11  1.1807661E+11  1.1971311E+11  1.2137156E+11  1.2305222E+11
  1.2475539E+11  1.2648138E+11  1.2823051E+11  1.3000305E+11  1.3179937E+11
  1.3361980E+11  1.3546461E+11  1.3733420E+11  1.3922891E+11  1.4114891E+11
  1.4309478E+11  1.4506670E+11  1.4706504E+11  1.4909012E+11  1.5114233E+11
  1.5322200E+11  1.5532954E+11  1.5746525E+11  1.5962952E+11  1.6182279E+11
  1.6404536E+11  1.6629760E+11  1.6857992E+11  1.7089272E+11  1.7323640E+11
  1.7561135E+11  1.7801796E+11  1.8045667E+11  1.8292792E+11  1.8543201E+11
  1.8796949E+11  1.9054076E+11  1.9314624E+11  1.9578638E+11  1.9846164E+11
  2.0117243E+11  2.0391926E+11  2.0670259E+11  2.0952284E+11  2.1238050E+11
  2.1527618E+11  2.1821022E+11  2.2118316E+11  2.2419558E+11  2.2724792E+11
  2.3034077E+11  2.3347465E+11  2.3665014E+11  2.3986777E+11  2.4312807E+11
  2.4643165E+11  2.4977911E+11  2.5317097E+11  2.5660783E+11  2.6009035E+11
  2.6361907E+11  2.6719460E+11  2.7081757E+11  2.7448861E+11  2.7820832E+11
  2.8197729E+11  2.8579627E+11  2.8966574E+11  2.9358657E+11  2.9755926E+11
  3.0158455E+11  3.0566318E+11  3.0979572E+11  3.1398288E+11  3.1822551E+11
  3.2252432E+11  3.2687987E+11  3.3129307E+11  3.3576465E+11  3.4029522E+11
  3.4488553E+11  3.4953658E+11  3.5424895E+11  3.5902335E+11  3.6386069E+11
  3.6876177E+11  3.7372733E+11  3.7875823E+11  3.8385530E+11  3.8901944E+11
  3.9425147E+11  3.9955212E+11  4.0492240E+11  4.1036327E+11  4.1587547E+11
  4.2145998E+11  4.2711787E+11  4.3284975E+11  4.3865679E+11  4.4453986E+11
  4.5050000E+11  4.5653823E+11  4.6265542E+11  4.6885251E+11  4.7513072E+11
  4.8149093E+11  4.8793430E+11  4.9446185E+11  5.0107456E+11  5.0777358E+11
  5.1456003E+11  5.2143502E+11  5.2839960E+11  5.3545497E+11  5.4260236E+11
  5.4984278E+11  5.5717757E+11  5.6460798E+11  5.7213505E+11  5.7976023E+11
  5.8748476E+11  5.9530949E+11  6.0323653E+11  6.1126653E+11  6.1940079E+11
  6.2764135E+11  6.3598893E+11  6.4444491E+11  6.5301093E+11  6.6168829E+11
  6.7047843E+11  6.7938255E+11  6.8840240E+11  6.9753930E+11  7.0679462E+11
  7.1616987E+11  7.2566696E+11  7.3528666E+11  7.4503107E+11  7.5490139E+11
  7.6489936E+11  7.7502664E+11  7.8528466E+11  7.9567500E+11  8.0619956E+11
  8.1685977E+11  8.2765781E+11  8.3859479E+11  8.4967273E+11  8.6089348E+11
  8.7225860E+11  8.8377020E+11  8.9542951E+11  9.0723916E+11  9.1920027E+11
  9.3131499E+11  9.4358543E+11  9.5601348E+11  9.6860058E+11  9.8134930E+11
  9.9426114E+11  1.0073380E+12  1.0205826E+12  1.0339966E+12  1.0475816E+12
  1.0613405E+12  1.0752745E+12  1.0893867E+12  1.1036781E+12  1.1181523E+12
  1.1328105E+12  1.1476554E+12  1.1626889E+12  1.1779134E+12  1.1933314E+12
  1.2089452E+12  1.2247568E+12  1.2407691E+12  1.2569845E+12  1.2734052E+12
  1.2900340E+12  1.3068730E+12  1.3239251E+12  1.3411932E+12  1.3586792E+12
  1.3763860E+12  1.3943167E+12  1.4124737E+12  1.4308599E+12  1.4494775E+12
  1.4683300E+12  1.4874203E+12  1.5067508E+12  1.5263244E+12  1.5461444E+12
  1.5662135E+12  1.5865349E+12  1.6071115E+12  1.6279465E+12  1.6490425E+12
  1.6704035E+12  1.6920316E+12  1.7139312E+12  1.7361041E+12  1.7585549E+12
  1.7812864E+12  1.8043019E+12  1.8276054E+12  1.8511993E+12  1.8750877E+12
  1.8992740E+12  1.9237620E+12  1.9485551E+12  1.9736564E+12  1.9990704E+12
  2.0248001E+12  2.0508494E+12  2.0772222E+12  2.1039224E+12  2.1309536E+12
  2.1583190E+12  2.1860237E+12  2.2140706E+12  2.2424644E+12  2.2712096E+12
  2.3003086E+12  2.3297673E+12  2.3595888E+12  2.3897776E+12  2.4203386E+12
  2.4512747E+12  2.4825915E+12  2.5142931E+12  2.5463837E+12  2.5788678E+12
  2.6117509E+12  2.6450361E+12  2.6787287E+12  2.7128336E+12  2.7473559E+12
  2.7822994E+12  2.8176697E+12  2.8534707E+12  2.8897093E+12  2.9263879E+12
  2.9635141E+12  3.0010908E+12  3.0391240E+12  3.0776206E+12  3.1165826E+12
  3.1560179E+12  3.1959307E+12  3.2363265E+12  3.2772113E+12  3.3185899E+12
  3.3604698E+12  3.4028538E+12  3.4457489E+12  3.4891623E+12  3.5330974E+12
  3.5775610E+12  3.6225611E+12  3.6680997E+12  3.7141870E+12  3.7608269E+12
  3.8080267E+12  3.8557904E+12  3.9041276E+12  3.9530421E+12  4.0025412E+12
  4.0526333E+12  4.1033217E+12  4.1546143E+12  4.2065191E+12  4.2590407E+12
  4.3121886E+12  4.3659669E+12  4.4203843E+12  4.4754482E+12  4.5311648E+12
  4.5875399E+12  4.6445840E+12  4.7023029E+12  4.7607028E+12  4.8197932E+12
  4.8795809E+12  4.9400733E+12  5.0012776E+12  5.0632039E+12  5.1258568E+12
  5.1892469E+12  5.2533825E+12  5.3182684E+12  5.3839161E+12  5.4503324E+12
  5.5175251E+12  5.5855038E+12  5.6542757E+12  5.7238529E+12  5.7942391E+12
  5.8654447E+12  5.9374798E+12  6.0103537E+12  6.0840739E+12  6.1586502E+12
  6.2340916E+12  6.3104074E+12  6.3876083E+12  6.4657026E+12  6.5446981E+12
  6.6246069E+12  6.7054375E+12  6.7872018E+12  6.8699066E+12  6.9535646E+12
  7.0381847E+12  7.1237753E+12  7.2103509E+12  7.2979191E+12  7.3864907E+12
  7.4760758E+12  7.5666869E+12  7.6583314E+12  7.7510235E+12  7.8447740E+12
  7.9395899E+12  8.0354911E+12  8.1324786E+12  8.2305729E+12  8.3297776E+12
  8.4301101E+12  8.5315782E+12  8.6341934E+12  8.7379767E+12  8.8429266E+12
  8.9490677E+12  9.0564031E+12  9.1649496E+12  9.2747197E+12  9.3857262E+12
  9.4979794E+12  9.6114919E+12  9.7262806E+12  9.8423580E+12  9.9597335E+12
  1.0078422E+13  1.0198439E+13  1.0319796E+13  1.0442506E+13  1.0566586E+13
  1.0692050E+13  1.0818906E+13  1.0947177E+13  1.1076876E+13  1.1208010E+13
  1.1340597E+13  1.1474656E+13  1.1610197E+13  1.1747237E+13  1.1885790E+13
  1.2025875E+13  1.2167502E+13  1.2310689E+13  1.2455452E+13  1.2601805E+13
  1.2749766E+13  1.2899349E+13  1.3050573E+13  1.3203454E+13  1.3358005E+13
  1.3514247E+13  1.3672191E+13  1.3831864E+13  1.3993277E+13  1.4156445E+13
  1.4321383E+13  1.4488124E+13  1.4656670E+13  1.4827045E+13  1.4999266E+13
  1.5173351E+13  1.5349319E+13  1.5527188E+13  1.5706979E+13  1.5888709E+13
  1.6072397E+13  1.6258064E+13  1.6445724E+13  1.6635399E+13  1.6827112E+13
  1.7020884E+13  1.7216723E+13  1.7414669E+13  1.7614724E+13  1.7816919E+13
  1.8021272E+13  1.8227799E+13  1.8436529E+13  1.8647479E+13  1.8860667E+13
  1.9076135E+13  1.9293876E+13  1.9513926E+13  1.9736308E+13  1.9961043E+13
  2.0188152E+13  2.0417664E+13  2.0649592E+13  2.0883966E+13  2.1120812E+13
  2.1360152E+13  2.1602001E+13  2.1846393E+13  2.2093352E+13  2.2342898E+13
  2.2595057E+13  2.2849859E+13  2.3107318E+13  2.3367476E+13  2.3630342E+13
  2.3895952E+13  2.4164323E+13  2.4435493E+13  2.4709475E+13  2.4986310E+13
  2.5266020E+13  2.5548630E+13  2.5834165E+13  2.6122662E+13  2.6414139E+13
  2.6708623E+13  2.7006157E+13  2.7306754E+13  2.7610447E+13  2.7917271E+13
  2.8227246E+13  2.8540416E+13  2.8856797E+13  2.9176424E+13  2.9499337E+13
  2.9825547E+13  3.0155098E+13  3.0488016E+13  3.0824332E+13  3.1164088E+13
  3.1507308E+13  3.1854026E+13  3.2204267E+13  3.2558079E+13  3.2915482E+13
  3.3276520E+13  3.3641212E+13  3.4009608E+13  3.4381733E+13  3.4757627E+13
  3.5137329E+13  3.5520860E+13  3.5908259E+13  3.6299570E+13  3.6694825E+13
  3.7094068E+13  3.7497321E+13  3.7904630E+13  3.8316037E+13  3.8731575E+13
  3.9151274E+13  3.9575175E+13  4.0003346E+13  4.0435783E+13  4.0872545E+13
  4.1313668E+13  4.1759204E+13  4.2209185E+13  4.2663663E+13  4.3122646E+13
  4.3586213E+13  4.4054377E+13  4.4527201E+13  4.5004723E+13  4.5486975E+13
  4.5974014E+13  4.6465875E+13  4.6962611E+13  4.7464262E+13  4.7970859E+13
  4.8482476E+13  4.8999139E+13  4.9520893E+13  5.0047803E+13  5.0579892E+13
  5.1117220E+13  5.1659833E+13  5.2207785E+13  5.2761111E+13  5.3319876E+13
  5.3884127E+13  5.4453885E+13  5.5029239E+13  5.5610226E+13  5.6196883E+13
  5.6789282E+13  5.7387482E+13  5.7991164E+13  5.8598747E+13  5.9210163E+13
  5.9829033E+13  6.0457847E+13  6.1096581E+13  6.1745276E+13  6.2403920E+13
  6.3072459E+13  6.3750959E+13  6.4439559E+13  6.5138380E+13  6.5847465E+13
  6.6566855E+13  6.7296593E+13  6.8036791E+13  6.8787500E+13  6.9548783E+13
  7.0320770E+13  7.1103544E+13  7.1897199E+13  7.2701817E+13  7.3517509E+13
  7.4344349E+13  7.5182463E+13  7.6031935E+13  7.6892867E+13  7.7765391E+13
  7.8649601E+13  7.9545621E+13  8.0453579E+13  8.1373583E+13  8.2305733E+13
  8.3250156E+13  8.4206936E+13  8.5176256E+13  8.6158210E+13  8.7152956E+13
  8.8160663E+13  8.9181489E+13  9.0215604E+13  9.1263139E+13  9.2324323E+13
  9.3399315E+13  9.4488316E+13  9.5591476E+13  9.6709049E+13  9.7841184E+13
  9.8988116E+13  1.0014997E+14  1.0132701E+14  1.0251939E+14  1.0372733E+14
  1.0495103E+14  1.0619068E+14  1.0744644E+14  1.0871854E+14  1.1000716E+14
  1.1131250E+14  1.1263477E+14  1.1397417E+14  1.1533090E+14  1.1670517E+14
  1.1809715E+14  1.1950711E+14  1.2093525E+14  1.2238178E+14  1.2384692E+14
  1.2533092E+14  1.2683400E+14  1.2835637E+14  1.2989822E+14  1.3145992E+14
  1.3304160E+14  1.3464362E+14  1.3626617E+14  1.3790953E+14  1.3957401E+14
  1.4125983E+14  1.4296725E+14  1.4469659E+14  1.4644812E+14  1.4822212E+14
  1.5001886E+14  1.5183864E+14  1.5368175E+14  1.5554852E+14  1.5743922E+14
  1.5935419E+14  1.6129367E+14  1.6325807E+14  1.6524768E+14  1.6726277E+14
  1.6930370E+14  1.7137082E+14  1.7346448E+14  1.7558492E+14  1.7773263E+14
  1.7990781E+14  1.8211093E+14  1.8434233E+14  1.8660234E+14  1.8889137E+14
  1.9120978E+14  1.9355799E+14  1.9593632E+14  1.9834523E+14  2.0078512E+14
  2.0325637E+14  2.0575945E+14  2.0829467E+14  2.1086256E+14  2.1346353E+14
  2.1609796E+14  2.1876631E+14  2.2146910E+14  2.2420672E+14  2.2697959E+14
  2.2978825E+14  2.3263316E+14  2.3551480E+14  2.3843365E+14  2.4139011E+14
  2.4438491E+14  2.4741830E+14  2.5049098E+14  2.5360329E+14  2.5675591E+14
  2.5994931E+14  2.6318402E+14  2.6646059E+14  2.6977963E+14  2.7314160E+14
  2.7654712E+14  2.7999674E+14  2.8349109E+14  2.8703068E+14  2.9061618E+14
  2.9424818E+14  2.9792725E+14  3.0165401E+14  3.0542918E+14  3.0925328E+14
  3.1312694E+14  3.1705090E+14  3.2102579E+14  3.2505222E+14  3.2913099E+14
  3.3326255E+14  3.3744780E+14  3.4168736E+14  3.4598196E+14  3.5033230E+14
  3.5473907E+14  3.5920305E+14  3.6372501E+14  3.6830559E+14  3.7294570E+14
  3.7764607E+14  3.8240738E+14  3.8723059E+14  3.9211629E+14  3.9706540E+14
  4.0207890E+14  4.0715736E+14  4.1230163E+14  4.1751280E+14  4.2279151E+14
  4.2813871E+14  4.3355527E+14  4.3904206E+14  4.4459998E+14  4.5022998E+14
  4.5593296E+14  4.6170986E+14  4.6756151E+14  4.7348911E+14  4.7949347E+14
  4.8557548E+14  4.9173628E+14  4.9797693E+14  5.0429818E+14  5.1070127E+14
  5.1718738E+14  5.2375714E+14  5.3041199E+14  5.3715277E+14  5.4398069E+14
  5.5089703E+14  5.5790239E+14  5.6499838E+14  5.7218608E+14  5.7946645E+14
  5.8684091E+14  5.9431033E+14  6.0187632E+14  6.0953988E+14  6.1730209E+14
  6.2516450E+14  6.3312818E+14  6.4119453E+14  6.4936483E+14  6.5764036E+14
  6.6602246E+14  6.7451227E+14  6.8311186E+14  6.9182199E+14  7.0064412E+14
  7.0957980E+14  7.1863051E+14  7.2779764E+14  7.3708256E+14  7.4648706E+14
  7.5601236E+14  7.6566033E+14  7.7543239E+14  7.8532980E+14  7.9535493E+14
  8.0550877E+14  8.1579327E+14  8.2620977E+14  8.3676049E+14  8.4744691E+14
  8.5827076E+14  8.6923373E+14  8.8033784E+14  8.9158474E+14  9.0297641E+14
  9.1451457E+14  9.2620117E+14  9.3803831E+14  9.5002771E+14  9.6217146E+14
  9.7447144E+14  9.8692986E+14  9.9954902E+14  1.0123298E+15  1.0252756E+15
  1.0383879E+15  1.0516694E+15  1.0651218E+15  1.0787476E+15  1.0925490E+15
  1.1065281E+15  1.1206876E+15  1.1350295E+15  1.1495566E+15  1.1642710E+15
  1.1791749E+15  1.1942715E+15  1.2095631E+15  1.2250514E+15  1.2407400E+15
  1.2566311E+15  1.2727277E+15  1.2890322E+15  1.3055474E+15  1.3222761E+15
  1.3392206E+15  1.3563846E+15  1.3737705E+15  1.3913814E+15  1.4092201E+15
  1.4272902E+15  1.4455931E+15  1.4641340E+15  1.4829144E+15  1.5019385E+15
  1.5212090E+15  1.5407292E+15  1.5605027E+15  1.5805323E+15  1.6008220E+15
  1.6213746E+15  1.6421940E+15  1.6632839E+15  1.6846476E+15  1.7062881E+15
  1.7282103E+15  1.7504171E+15  1.7729130E+15  1.7957005E+15  1.8187847E+15
  1.8421689E+15  1.8658578E+15  1.8898542E+15  1.9141636E+15  1.9387885E+15
  1.9637351E+15  1.9890057E+15  2.0146058E+15  2.0405398E+15  2.0668105E+15
  2.0934248E+15  2.1203860E+15  2.1476973E+15  2.1753647E+15  2.2034030E+15
  2.2318210E+15  2.2605672E+15  2.2895177E+15  2.3186357E+15  2.3480967E+15
  2.3781207E+15  2.4087366E+15  2.4398300E+15  2.4713253E+15  2.5032178E+15
  2.5355262E+15  2.5682573E+15  2.6014166E+15  2.6350094E+15  2.6690414E+15
  2.7035182E+15  2.7384459E+15  2.7738297E+15  2.8096769E+15  2.8459922E+15
  2.8827834E+15  2.9200551E+15  2.9578146E+15  2.9960680E+15  3.0348215E+15
  3.0740818E+15  3.1138567E+15  3.1541510E+15  3.1949725E+15  3.2363279E+15
  3.2782240E+15  3.3206687E+15  3.3636686E+15  3.4072306E+15  3.4513622E+15
  3.4960714E+15  3.5413656E+15  3.5872512E+15  3.6337375E+15  3.6808310E+15
  3.7285408E+15  3.7768740E+15  3.8258393E+15  3.8754443E+15  3.9256986E+15
  3.9766085E+15  4.0281841E+15  4.0804348E+15  4.1333662E+15  4.1869897E+15
  4.2413135E+15  4.2963468E+15  4.3520987E+15  4.4085791E+15  4.4657959E+15
  4.5237597E+15  4.5824794E+15  4.6419658E+15  4.7022274E+15  4.7632755E+15
  4.8251193E+15  4.8877683E+15  4.9512356E+15  5.0155281E+15  5.0806591E+15
  5.1466373E+15  5.2134750E+15  5.2811820E+15  5.3497705E+15  5.4192528E+15
  5.4896355E+15  5.5609358E+15  5.6331610E+15  5.7063242E+15  5.7804386E+15
  5.8555141E+15  5.9315657E+15  6.0086039E+15  6.0866414E+15  6.1656902E+15
  6.2457651E+15  6.3268777E+15  6.4090425E+15  6.4922715E+15  6.5765774E+15
  6.6619775E+15  6.7484829E+15  6.8361099E+15  6.9248697E+15  7.0147790E+15
  7.1058548E+15  7.1981086E+15  7.2915569E+15  7.3862158E+15  7.4821015E+15
  7.5792295E+15  7.6776159E+15  7.7772790E+15  7.8782344E+15  7.9805007E+15
  8.0840959E+15  8.1890364E+15  8.2953449E+15  8.4030353E+15  8.5121329E+15
  8.6226504E+15  8.7346154E+15  8.8480471E+15  8.9629659E+15  9.0793944E+15
  9.1973579E+15  9.3168761E+15  9.4379780E+15  9.5606863E+15  9.6850267E+15
  9.8110282E+15  9.9387186E+15  1.0068126E+16  1.0199281E+16  1.0332214E+16
  1.0466958E+16  1.0603545E+16  1.0742012E+16  1.0882393E+16  1.1024726E+16
  1.1169045E+16  1.1315392E+16  1.1463808E+16  1.1614329E+16  1.1767000E+16
  1.1921863E+16  1.2078953E+16  1.2238317E+16  1.2399997E+16  1.2564028E+16
  1.2730449E+16  1.2899294E+16  1.3070603E+16  1.3244393E+16  1.3420698E+16
  1.3599533E+16  1.3780915E+16  1.3964851E+16  1.4151346E+16  1.4340395E+16
  1.4531980E+16  1.4726095E+16  1.4922710E+16  1.5121801E+16  1.5323334E+16
  1.5527274E+16  1.5733586E+16  1.5942234E+16  1.6153186E+16  1.6366402E+16
  1.6581860E+16  1.6799541E+16  1.7019420E+16  1.7241494E+16  1.7465758E+16
  1.7692217E+16  1.7920885E+16  1.8151784E+16  1.8384938E+16  1.8620384E+16
  1.8858153E+16  1.9098302E+16  1.9340867E+16  1.9585899E+16  1.9833452E+16
  2.0083585E+16  2.0336344E+16  2.0591789E+16  2.0849972E+16  2.1110952E+16
  2.1374770E+16  2.1641494E+16  2.1911151E+16  2.2183802E+16  2.2459490E+16
  2.2738259E+16  2.3020146E+16  2.3305188E+16  2.3593428E+16  2.3884895E+16
  2.4179629E+16  2.4477663E+16  2.4779015E+16  2.5083736E+16  2.5391832E+16
  2.5703346E+16  2.6018298E+16  2.6336716E+16  2.6658621E+16  2.6984043E+16
  2.7313003E+16  2.7645519E+16  2.7981617E+16  2.8321324E+16  2.8664646E+16
  2.9011619E+16  2.9362258E+16  2.9716578E+16  3.0074604E+16  3.0436350E+16
  3.0801830E+16  3.1171075E+16  3.1544089E+16  3.1920888E+16  3.2301491E+16
  3.2685910E+16  3.3074164E+16  3.3466246E+16  3.3862194E+16  3.4262004E+16
  3.4665684E+16  3.5073257E+16  3.5484702E+16  3.5900055E+16  3.6319309E+16
  3.6742475E+16  3.7169540E+16  3.7600519E+16  3.8035419E+16  3.8474227E+16
  3.8916943E+16  3.9363573E+16  3.9814111E+16  4.0268540E+16  4.0726864E+16
  4.1189080E+16  4.1655148E+16  4.2125104E+16  4.2598886E+16  4.3076512E+16
  4.3557965E+16  4.4043206E+16  4.4532235E+16  4.5025018E+16  4.5521542E+16
  4.6021781E+16  4.6525706E+16  4.7033289E+16  4.7544502E+16  4.8059327E+16
  4.8577725E+16  4.9099662E+16  4.9625100E+16  5.0154025E+16  5.0686387E+16
  5.1222162E+16  5.1761305E+16  5.2303785E+16  5.2849560E+16  5.3398590E+16
  5.3950841E+16  5.4506262E+16  5.5064822E+16  5.5626479E+16  5.6191190E+16
  5.6758903E+16  5.7329576E+16  5.7903151E+16  5.8479596E+16  5.9058841E+16
  5.9640852E+16  6.0225560E+16  6.0812944E+16  6.1402918E+16  6.1995456E+16
  6.2590485E+16  6.3187967E+16  6.3787854E+16  6.4390077E+16  6.4994602E+16
  6.5601369E+16  6.6210305E+16  6.6821398E+16  6.7434577E+16  6.8049771E+16
  6.8666975E+16  6.9286103E+16  6.9907104E+16  7.0529939E+16  7.1154556E+16
  7.1780912E+16  7.2408965E+16  7.3038650E+16  7.3669933E+16  7.4302754E+16
  7.4937086E+16  7.5572879E+16  7.6210097E+16  7.6848673E+16  7.7488589E+16
  7.8129793E+16  7.8772251E+16  7.9415930E+16  8.0060759E+16  8.0706739E+16
  8.1353845E+16  8.2001990E+16  8.2651191E+16  8.3301389E+16  8.3952575E+16
  8.4604680E+16  8.5257712E+16  8.5911621E+16  8.6566363E+16  8.7221955E+16
  8.7878329E+16  8.8535477E+16  8.9193371E+16  8.9851996E+16  9.0511316E+16
  9.1171298E+16  9.1831941E+16  9.2493229E+16  9.3155109E+16  9.3817582E+16
  9.4480648E+16  9.5144254E+16  9.5808402E+16  9.6473074E+16  9.7138262E+16
  9.7803922E+16  9.8470062E+16  9.9136667E+16  9.9803710E+16  1.0047119E+17
  1.0113910E+17  1.0180741E+17  1.0247610E+17  1.0314519E+17  1.0381466E+17
  1.0448448E+17  1.0515466E+17  1.0582520E+17  1.0649606E+17  1.0716725E+17
  1.0783876E+17  1.0851057E+17  1.0918271E+17  1.0985512E+17  1.1052785E+17
  1.1120084E+17  1.1187410E+17  1.1254766E+17  1.1322148E+17  1.1389554E+17
  1.1456985E+17  1.1524442E+17  1.1591921E+17  1.1659424E+17  1.1726952E+17
  1.1794499E+17  1.1862070E+17  1.1929664E+17  1.1997276E+17  1.2064908E+17
  1.2132562E+17  1.2200233E+17  1.2267924E+17  1.2335633E+17  1.2403359E+17
  1.2471102E+17  1.2538861E+17  1.2606636E+17  1.2674427E+17  1.2742235E+17
  1.2810053E+17  1.2877886E+17  1.2945734E+17  1.3013591E+17  1.3081463E+17
  1.3149344E+17  1.3217236E+17  1.3285138E+17  1.3353048E+17  1.3420967E+17
  1.3488894E+17  1.3556825E+17  1.3624766E+17  1.3692708E+17  1.3760656E+17
  1.3828609E+17  1.3896561E+17  1.3964517E+17  1.4032470E+17  1.4100423E+17
  1.4168378E+17  1.4236327E+17  1.4304277E+17  1.4372214E+17  1.4440151E+17
  1.4508077E+17  1.4575994E+17  1.4643907E+17  1.4711802E+17  1.4779687E+17
  1.4847558E+17  1.4915415E+17  1.4983253E+17  1.5051072E+17  1.5118872E+17
  1.5186652E+17  1.5254404E+17  1.5322134E+17  1.5389838E+17  1.5457512E+17
  1.5525159E+17  1.5592772E+17  1.5660353E+17  1.5727895E+17  1.5795400E+17
  1.5862864E+17  1.5930291E+17  1.5997671E+17  1.6064997E+17  1.6132280E+17
  1.6199514E+17  1.6266696E+17  1.6333819E+17  1.6400886E+17  1.6467891E+17
  1.6534830E+17  1.6601708E+17  1.6668517E+17  1.6735247E+17  1.6801905E+17
  1.6868489E+17  1.6934989E+17  1.7001405E+17  1.7067734E+17  1.7133970E+17
  1.7200112E+17  1.7266159E+17  1.7332100E+17  1.7397937E+17  1.7463663E+17
  1.7529277E+17  1.7594770E+17  1.7660143E+17  1.7725388E+17  1.7790505E+17
  1.7855488E+17  1.7920327E+17  1.7985024E+17  1.8049573E+17  1.8113966E+17
  1.8178202E+17  1.8242272E+17  1.8306173E+17  1.8369902E+17  1.8433448E+17
  1.8496808E+17  1.8559973E+17  1.8622947E+17  1.8685719E+17  1.8748278E+17
  1.8810625E+17  1.8872749E+17  1.8934643E+17  1.8996305E+17  1.9057727E+17
  1.9118899E+17  1.9179821E+17  1.9240478E+17  1.9300867E+17  1.9360982E+17
  1.9420815E+17  1.9480357E+17  1.9539600E+17  1.9598541E+17  1.9657167E+17
  1.9715475E+17  1.9773452E+17  1.9831098E+17  1.9888396E+17  1.9945338E+17
  2.0001926E+17  2.0058142E+17  2.0113983E+17  2.0169441E+17  2.0224503E+17
  2.0279164E+17  2.0333413E+17  2.0387248E+17  2.0440656E+17  2.0493631E+17
  2.0546163E+17  2.0598242E+17  2.0649861E+17  2.0701021E+17  2.0751698E+17
  2.0801894E+17  2.0851602E+17  2.0900812E+17  2.0949522E+17  2.0997710E+17
  2.1045384E+17  2.1092535E+17  2.1139150E+17  2.1185230E+17  2.1230762E+17
  2.1275748E+17  2.1320175E+17  2.1364042E+17  2.1407340E+17  2.1450075E+17
  2.1492235E+17  2.1533813E+17  2.1574811E+17  2.1615223E+17  2.1655050E+17
  2.1694285E+17  2.1732930E+17  2.1770983E+17  2.1808442E+17  2.1845303E+17
  2.1881568E+17  2.1917242E+17  2.1952318E+17  2.1986803E+17  2.2020692E+17
  2.2053992E+17  2.2086699E+17  2.2118826E+17  2.2150358E+17  2.2181323E+17
  2.2211702E+17  2.2241509E+17  2.2270740E+17  2.2299412E+17  2.2327520E+17
  2.2355078E+17  2.2382086E+17  2.2408542E+17  2.2434464E+17  2.2459848E+17
  2.2484709E+17  2.2509053E+17  2.2532878E+17  2.2556192E+17  2.2579009E+17
  2.2601327E+17  2.2623166E+17  2.2644524E+17  2.2665412E+17  2.2685833E+17
  2.2705791E+17  2.2725304E+17  2.2744372E+17  2.2763005E+17  2.2781216E+17
  2.2799002E+17  2.2816378E+17  2.2833350E+17  2.2849927E+17  2.2866110E+17
  2.2881912E+17  2.2897338E+17  2.2912402E+17  2.2927101E+17  2.2941449E+17
  2.2955453E+17  2.2969119E+17  2.2982452E+17  2.2995463E+17  2.3008155E+17
  2.3020537E+17  2.3032619E+17  2.3044398E+17  2.3055891E+17  2.3067094E+17
  2.3078028E+17  2.3088684E+17  2.3099078E+17  2.3109211E+17  2.3119093E+17
  2.3128727E+17  2.3138119E+17  2.3147274E+17  2.3156198E+17  2.3164898E+17
  2.3173379E+17  2.3181644E+17  2.3189702E+17  2.3197555E+17  2.3205207E+17
  2.3212666E+17  2.3219933E+17  2.3227015E+17  2.3233919E+17  2.3240642E+17
  2.3247198E+17  2.3253582E+17  2.3259806E+17  2.3265865E+17  2.3271773E+17
  2.3277527E+17  2.3283135E+17  2.3288594E+17  2.3293918E+17  2.3299102E+17
  2.3304156E+17  2.3309073E+17  2.3313862E+17  2.3318534E+17  2.3323081E+17
  2.3327508E+17  2.3331829E+17  2.3336031E+17  2.3340127E+17  2.3344113E+17
  2.3347999E+17  2.3351784E+17  2.3355467E+17  2.3359056E+17  2.3362554E+17
  2.3365959E+17  2.3369274E+17  2.3372504E+17  2.3375652E+17  2.3378713E+17
  2.3381697E+17  2.3384606E+17  2.3387439E+17  2.3390193E+17  2.3392874E+17
  2.3395494E+17  2.3398039E+17  2.3400516E+17  2.3402930E+17  2.3405283E+17
  2.3407573E+17  2.3409805E+17  2.3411975E+17  2.3414090E+17  2.3416153E+17
  2.3418156E+17  2.3420111E+17  2.3422013E+17  2.3423862E+17  2.3425667E+17
  2.3427423E+17  2.3429131E+17  2.3430802E+17  2.3432422E+17  2.3433998E+17
  2.3435539E+17  2.3437035E+17  2.3438494E+17  2.3439915E+17  2.3441299E+17
  2.3442641E+17  2.3443955E+17  2.3445230E+17  2.3446476E+17  2.3447683E+17
  2.3448864E+17  2.3450009E+17  2.3451128E+17  2.3452217E+17  2.3453279E+17
  2.3454306E+17  2.3455313E+17  2.3456292E+17  2.3457246E+17  2.3458173E+17
  2.3459074E+17  2.3459953E+17  2.3460809E+17  2.3461640E+17  2.3462453E+17
  2.3463253E+17  2.3464020E+17  2.3464764E+17  2.3465494E+17  2.3466207E+17
  2.3466902E+17  2.3467574E+17  2.3468230E+17  2.3468868E+17  2.3469490E+17
  2.3470094E+17  2.3470684E+17  2.3471256E+17  2.3471819E+17  2.3472359E+17
  2.3472891E+17  2.3473408E+17  2.3473908E+17  2.3474396E+17  2.3474872E+17
  2.3475339E+17  2.3475795E+17  2.3476228E+17  2.3476655E+17  2.3477075E+17
  2.3477482E+17  2.3477877E+17  2.3478258E+17  2.3478636E+17  2.3478999E+17
  2.3479353E+17  2.3479698E+17  2.3480036E+17  2.3480366E+17  2.3480682E+17
  2.3480999E+17  2.3481299E+17  2.3481591E+17  2.3481880E+17  2.3482158E+17
  2.3482428E+17  2.3482694E+17  2.3482952E+17  2.3483203E+17  2.3483445E+17
  2.3483685E+17  2.3483914E+17  2.3484142E+17  2.3484364E+17  2.3484575E+17
  2.3484783E+17  2.3484986E+17  2.3485184E+17  2.3485378E+17  2.3485561E+17
  2.3485745E+17  2.3485926E+17  2.3486094E+17  2.3486262E+17  2.3486422E+17
  2.3486587E+17  2.3486738E+17  2.3486891E+17  2.3487041E+17  2.3487188E+17
  2.3487328E+17  2.3487458E+17  2.3487592E+17  2.3487719E+17  2.3487841E+17
  2.3487968E+17  2.3488084E+17  2.3488202E+17  2.3488317E+17  2.3488427E+17
  2.3488530E+17  2.3488637E+17  2.3488736E+17  2.3488836E+17  2.3488932E+17
  2.3489023E+17  2.3489111E+17  2.3489205E+17  2.3489290E+17  2.3489374E+17
