  3.4690526E-09  3.6565446E-09  3.8555865E-09  4.0668380E-09  4.2909951E-09
  4.5288000E-09  4.7810320E-09  5.0485163E-09  5.3321272E-09  5.6327818E-09
  5.9514473E-09  6.2891479E-09  6.6469759E-09  7.0260699E-09  7.4276403E-09
  7.8529458E-09  8.3033047E-09  8.7801215E-09  9.2848911E-09  9.8191979E-09
  1.0384674E-08  1.0983049E-08  1.1616101E-08  1.2285684E-08  1.2993728E-08
  1.3742201E-08  1.4533200E-08  1.5368856E-08  1.6251301E-08  1.7182744E-08
  1.8165338E-08  1.9201243E-08  2.0292472E-08  2.1441204E-08  2.2649878E-08
  2.3920908E-08  2.5256554E-08  2.6659009E-08  2.8130422E-08  2.9673037E-08
  3.1289026E-08  3.2980616E-08  3.4750116E-08  3.6599872E-08  3.8532676E-08
  4.0551676E-08  4.2660417E-08  4.4862752E-08  4.7162594E-08  4.9563663E-08
  5.2069431E-08  5.4685849E-08  5.7420927E-08  6.0282943E-08  6.3284020E-08
  6.6434318E-08  6.9735037E-08  7.3191508E-08  7.6819212E-08  8.0630684E-08
  8.4633115E-08  8.8816762E-08  9.3199887E-08  9.7804055E-08  1.0266148E-07
  1.0777610E-07  1.1312798E-07  1.1870096E-07  1.2450364E-07  1.3055485E-07
  1.3683636E-07  1.4331683E-07  1.4999080E-07  1.5685767E-07  1.6385982E-07
  1.7090716E-07  1.7801878E-07  1.8527145E-07  1.9257676E-07  1.9979758E-07
  2.0253140E-07  2.0524044E-07  2.0791684E-07  2.1055445E-07  2.1314854E-07
  2.1569936E-07  2.1821040E-07  2.2068261E-07  2.2311426E-07  2.2549987E-07
  2.2783192E-07  2.3010492E-07  2.3231414E-07  2.3445553E-07  2.3652562E-07
  2.3852152E-07  2.4044090E-07  2.4228225E-07  2.4404414E-07  2.4572554E-07
  2.4732557E-07  2.4884383E-07  2.5028061E-07  2.5163629E-07  2.5291212E-07
  2.5410975E-07  2.5523141E-07  2.5628006E-07  2.5725910E-07  2.5817224E-07
  2.5902352E-07  2.5981663E-07  2.6055520E-07  2.6124303E-07  2.6188414E-07
  2.6248264E-07  2.6304261E-07  2.6356767E-07  2.6406107E-07  2.6452574E-07
  2.6496451E-07  2.6537984E-07  2.6577439E-07  2.6615055E-07  2.6651151E-07
  2.6685990E-07  2.6719806E-07  2.6752858E-07  2.6785446E-07  2.6817878E-07
  2.6850518E-07  2.6883691E-07  2.6917684E-07  2.6952773E-07  2.6989247E-07
  2.7027409E-07  2.7067574E-07  2.7109979E-07  2.7154800E-07  2.7202248E-07
  2.7252526E-07  2.7305944E-07  2.7362731E-07  2.7423073E-07  2.7487121E-07
  2.7555075E-07  2.7627155E-07  2.7703663E-07  2.7784756E-07  2.7870590E-07
  2.7961323E-07  2.8057127E-07  2.8158300E-07  2.8265069E-07  2.8377551E-07
  2.8495896E-07  2.8620258E-07  2.8750841E-07  2.8887962E-07  2.9031733E-07
  2.9182274E-07  2.9339716E-07  2.9504218E-07  2.9676090E-07  2.9855482E-07
  3.0042474E-07  3.0237186E-07  3.0439736E-07  3.0650412E-07  3.0869390E-07
  3.1096755E-07  3.1332584E-07  3.1576965E-07  3.1830095E-07  3.2092211E-07
  3.2363363E-07  3.2643621E-07  3.2933067E-07  3.3231808E-07  3.3540155E-07
  3.3858186E-07  3.4185985E-07  3.4523623E-07  3.4871178E-07  3.5228908E-07
  3.5596972E-07  3.5975458E-07  3.6364435E-07  3.6763959E-07  3.7174186E-07
  3.7595419E-07  3.8027747E-07  3.8471268E-07  3.8926080E-07  3.9392265E-07
  3.9870048E-07  4.0359700E-07  4.0861354E-07  4.1375151E-07  4.1901245E-07
  4.2439734E-07  4.2990658E-07  4.3554124E-07  4.4130283E-07  4.4719275E-07
  4.5321204E-07  4.5936213E-07  4.6564594E-07  4.7206595E-07  4.7862380E-07
  4.8532098E-07  4.9215964E-07  4.9914172E-07  5.0627040E-07  5.1354851E-07
  5.2097869E-07  5.2856370E-07  5.3630606E-07  5.4420906E-07  5.5227645E-07
  5.6051272E-07  5.6891901E-07  5.7749065E-07  5.8622976E-07  5.9513889E-07
  6.0422002E-07  6.1347720E-07  6.2291315E-07  6.3253134E-07  6.4233456E-07
  6.5232638E-07  6.6251010E-07  6.7288948E-07  6.8346918E-07  6.9425403E-07
  7.0524857E-07  7.1645781E-07  7.2788754E-07  7.3954357E-07  7.5143294E-07
  7.6354871E-07  7.7588703E-07  7.8845267E-07  8.0124863E-07  8.1427999E-07
  8.2755076E-07  8.4106512E-07  8.5482816E-07  8.6884484E-07  8.8312066E-07
  8.9766110E-07  9.1247239E-07  9.2756039E-07  9.4293210E-07  9.5859571E-07
  9.7456109E-07  9.9083809E-07  1.0074348E-06  1.0243328E-06  1.0415328E-06
  1.0590395E-06  1.0768586E-06  1.0949960E-06  1.1134578E-06  1.1322506E-06
  1.1513800E-06  1.1708514E-06  1.1906735E-06  1.2108553E-06  1.2314071E-06
  1.2523403E-06  1.2736666E-06  1.2953993E-06  1.3175534E-06  1.3401417E-06
  1.3631392E-06  1.3865393E-06  1.4103485E-06  1.4345744E-06  1.4592199E-06
  1.4842911E-06  1.5098007E-06  1.5357571E-06  1.5621733E-06  1.5890600E-06
  1.6164316E-06  1.6443020E-06  1.6726867E-06  1.7016029E-06  1.7310693E-06
  1.7611061E-06  1.7917280E-06  1.8228847E-06  1.8545694E-06  1.8867936E-06
  1.9195681E-06  1.9529048E-06  1.9868162E-06  2.0213165E-06  2.0564187E-06
  2.0921398E-06  2.1284959E-06  2.1655053E-06  2.2031870E-06  2.2415627E-06
  2.2806430E-06  2.3204534E-06  2.3610239E-06  2.4023548E-06  2.4443848E-06
  2.4871244E-06  2.5305876E-06  2.5747891E-06  2.6197454E-06  2.6654734E-06
  2.7119911E-06  2.7593187E-06  2.8074649E-06  2.8564427E-06  2.9062815E-06
  2.9570083E-06  3.0086549E-06  3.0612550E-06  3.1148475E-06  3.1694722E-06
  3.2250703E-06  3.2816008E-06  3.3390820E-06  3.3975327E-06  3.4569562E-06
  3.5173628E-06  3.5787764E-06  3.6412237E-06  3.7047307E-06  3.7693292E-06
  3.8350531E-06  3.9019369E-06  3.9700194E-06  4.0393465E-06  4.1099647E-06
  4.1819198E-06  4.2552142E-06  4.3297191E-06  4.4054364E-06  4.4823892E-06
  4.5606043E-06  4.6401110E-06  4.7209360E-06  4.8031161E-06  4.8866827E-06
  4.9716787E-06  5.0581375E-06  5.1460729E-06  5.2355263E-06  5.3265462E-06
  5.4191928E-06  5.5135315E-06  5.6096310E-06  5.7074571E-06  5.8068758E-06
  5.9079143E-06  6.0106031E-06  6.1149740E-06  6.2210174E-06  6.3287725E-06
  6.4382821E-06  6.5495924E-06  6.6627526E-06  6.7778201E-06  6.8948525E-06
  7.0139126E-06  7.1350764E-06  7.2584148E-06  7.3839628E-06  7.5118041E-06
  7.6417964E-06  7.7738359E-06  7.9079646E-06  8.0442278E-06  8.1826674E-06
  8.3233399E-06  8.4662925E-06  8.6115824E-06  8.7592098E-06  8.9092273E-06
  9.0617086E-06  9.2167274E-06  9.3743683E-06  9.5347204E-06  9.6978874E-06
  9.8639757E-06  1.0033090E-05  1.0204990E-05  1.0379531E-05  1.0556761E-05
  1.0736731E-05  1.0919507E-05  1.1105150E-05  1.1293729E-05  1.1485315E-05
  1.1679991E-05  1.1877810E-05  1.2078794E-05  1.2283040E-05  1.2490650E-05
  1.2701736E-05  1.2916414E-05  1.3134824E-05  1.3357105E-05  1.3583032E-05
  1.3812374E-05  1.4045149E-05  1.4281427E-05  1.4521283E-05  1.4764820E-05
  1.5012122E-05  1.5263298E-05  1.5518457E-05  1.5777679E-05  1.6040936E-05
  1.6308331E-05  1.6579979E-05  1.6855993E-05  1.7136512E-05  1.7421680E-05
  1.7711667E-05  1.8006413E-05  1.8305533E-05  1.8609073E-05  1.8917119E-05
  1.9229756E-05  1.9547080E-05  1.9869187E-05  2.0196179E-05  2.0528183E-05
  2.0865318E-05  2.1207716E-05  2.1555521E-05  2.1908729E-05  2.2267352E-05
  2.2631548E-05  2.3001470E-05  2.3377304E-05  2.3759236E-05  2.4146890E-05
  2.4540035E-05  2.4938778E-05  2.5343203E-05  2.5753425E-05  2.6169559E-05
  2.6591733E-05  2.7020093E-05  2.7454769E-05  2.7895947E-05  2.8343784E-05
  2.8798448E-05  2.9259907E-05  2.9728229E-05  3.0203570E-05  3.0686140E-05
  3.1176121E-05  3.1673728E-05  3.2178548E-05  3.2690288E-05  3.3209053E-05
  3.3734959E-05  3.4268149E-05  3.4808752E-05  3.5356927E-05  3.5912824E-05
  3.6476627E-05  3.7048525E-05  3.7628553E-05  3.8216753E-05  3.8813254E-05
  3.9418221E-05  4.0031868E-05  4.0654377E-05  4.1285977E-05  4.1926909E-05
  4.2577158E-05  4.3236076E-05  4.3903688E-05  4.4580145E-05  4.5265599E-05
  4.5960212E-05  4.6664172E-05  4.7377547E-05  4.8100355E-05  4.8832761E-05
  4.9574905E-05  5.0326955E-05  5.1089108E-05  5.1861531E-05  5.2644460E-05
  5.3438122E-05  5.4242759E-05  5.5058626E-05  5.5886045E-05  5.6725043E-05
  5.7574893E-05  5.8435489E-05  5.9306942E-05  6.0189395E-05  6.1082945E-05
  6.1987746E-05  6.2903964E-05  6.3831765E-05  6.4771324E-05  6.5722823E-05
  6.6686494E-05  6.7662571E-05  6.8651294E-05  6.9652888E-05  7.0667622E-05
  7.1695693E-05  7.2737319E-05  7.3792791E-05  7.4862350E-05  7.5945696E-05
  7.7042096E-05  7.8151686E-05  7.9274636E-05  8.0411060E-05  8.1561244E-05
  8.2725353E-05  8.3903651E-05  8.5096282E-05  8.6303400E-05  8.7525215E-05
  8.8761881E-05  9.0013586E-05  9.1280519E-05  9.2562943E-05  9.3861083E-05
  9.5175194E-05  9.6505624E-05  9.7852855E-05  9.9217148E-05  1.0059865E-04
  1.0199628E-04  1.0340990E-04  1.0483968E-04  1.0628570E-04  1.0774808E-04
  1.0922707E-04  1.1072277E-04  1.1223561E-04  1.1376592E-04  1.1531376E-04
  1.1687942E-04  1.1846305E-04  1.2006485E-04  1.2168503E-04  1.2332387E-04
  1.2498147E-04  1.2665825E-04  1.2835473E-04  1.3007120E-04  1.3180796E-04
  1.3356528E-04  1.3534233E-04  1.3713854E-04  1.3895411E-04  1.4078911E-04
  1.4264377E-04  1.4451853E-04  1.4641360E-04  1.4832919E-04  1.5026536E-04
  1.5222232E-04  1.5420017E-04  1.5619909E-04  1.5821922E-04  1.6026084E-04
  1.6232445E-04  1.6441024E-04  1.6651840E-04  1.6864903E-04  1.7080236E-04
  1.7297856E-04  1.7517775E-04  1.7740019E-04  1.7964571E-04  1.8191327E-04
  1.8420287E-04  1.8651447E-04  1.8884834E-04  1.9120445E-04  1.9358285E-04
  1.9598375E-04  1.9840751E-04  2.0085427E-04  2.0332412E-04  2.0581717E-04
  2.0833351E-04  2.1087324E-04  2.1343643E-04  2.1602347E-04  2.1863474E-04
  2.2127041E-04  2.2393072E-04  2.2661586E-04  2.2932608E-04  2.3206176E-04
  2.3482330E-04  2.3761140E-04  2.4042479E-04  2.4326285E-04  2.4612556E-04
  2.4901278E-04  2.5192447E-04  2.5486105E-04  2.5782318E-04  2.6081075E-04
  2.6382401E-04  2.6686292E-04  2.6992743E-04  2.7301759E-04  2.7613403E-04
  2.7927701E-04  2.8244648E-04  2.8564231E-04  2.8886448E-04  2.9211293E-04
  2.9538799E-04  2.9869043E-04  3.0202014E-04  3.0537724E-04  3.0876181E-04
  3.1217394E-04  3.1561422E-04  3.1908252E-04  3.2257781E-04  3.2609989E-04
  3.2964861E-04  3.3322381E-04  3.3682620E-04  3.4045632E-04  3.4411409E-04
  3.4779959E-04  3.5151275E-04  3.5525358E-04  3.5902296E-04  3.6282124E-04
  3.6664834E-04  3.7050413E-04  3.7438836E-04  3.7830140E-04  3.8224427E-04
  3.8621671E-04  3.9021898E-04  3.9425088E-04  3.9831267E-04  4.0240551E-04
  4.0652952E-04  4.1068488E-04  4.1487161E-04  4.1908977E-04  4.2334039E-04
  4.2762276E-04  4.3193644E-04  4.3628126E-04  4.4065740E-04  4.4506631E-04
  4.4950785E-04  4.5398183E-04  4.5848801E-04  4.6302646E-04  4.6759876E-04
  4.7220473E-04  4.7684461E-04  4.8151816E-04  4.8622634E-04  4.9096992E-04
  4.9574906E-04  5.0056400E-04  5.0541473E-04  5.1030301E-04  5.1522878E-04
  5.2019209E-04  5.2519288E-04  5.3023157E-04  5.3530996E-04  5.4042751E-04
  5.4558471E-04  5.5078202E-04  5.5602106E-04  5.6130171E-04  5.6662358E-04
  5.7198590E-04  5.7739066E-04  5.8283808E-04  5.8832875E-04  5.9386267E-04
  5.9944019E-04  6.0506124E-04  6.1072625E-04  6.1643537E-04  6.2219129E-04
  6.2799477E-04  6.3384633E-04  6.3974579E-04  6.4569351E-04  6.5168965E-04
  6.5773417E-04  6.6382776E-04  6.6997355E-04  6.7617215E-04  6.8242411E-04
  6.8872934E-04  6.9508818E-04  7.0150057E-04  7.0796662E-04  7.1448903E-04
  7.2106952E-04  7.2770839E-04  7.3440652E-04  7.4116397E-04  7.4798113E-04
  7.5485767E-04  7.6179445E-04  7.6879351E-04  7.7585556E-04  7.8298099E-04
  7.9017034E-04  7.9742383E-04  8.0474204E-04  8.1212702E-04  8.1958069E-04
  8.2710356E-04  8.3469617E-04  8.4235909E-04  8.5009250E-04  8.5789664E-04
  8.6577504E-04  8.7372889E-04  8.8175881E-04  8.8986545E-04  8.9804921E-04
  9.0631016E-04  9.1465033E-04  9.2307228E-04  9.3157677E-04  9.4016414E-04
  9.4883598E-04  9.5759222E-04  9.6643408E-04  9.7536464E-04  9.8438456E-04
  9.9349569E-04  1.0026979E-03  1.0119907E-03  1.0213739E-03  1.0308506E-03
  1.0404215E-03  1.0500877E-03  1.0598485E-03  1.0697045E-03  1.0796563E-03
  1.0897068E-03  1.0998567E-03  1.1101066E-03  1.1204568E-03  1.1309081E-03
  1.1414614E-03  1.1521189E-03  1.1628815E-03  1.1737498E-03  1.1847233E-03
  1.1958034E-03  1.2069914E-03  1.2182889E-03  1.2296973E-03  1.2412179E-03
  1.2528521E-03  1.2646007E-03  1.2764652E-03  1.2884468E-03  1.3005445E-03
  1.3127594E-03  1.3250913E-03  1.3375428E-03  1.3501151E-03  1.3628086E-03
  1.3756237E-03  1.3885623E-03  1.4016246E-03  1.4148116E-03  1.4281230E-03
  1.4415591E-03  1.4551207E-03  1.4688089E-03  1.4826244E-03  1.4965686E-03
  1.5106419E-03  1.5248458E-03  1.5391808E-03  1.5536476E-03  1.5682472E-03
  1.5829809E-03  1.5978491E-03  1.6128531E-03  1.6279945E-03  1.6432742E-03
  1.6586937E-03  1.6742538E-03  1.6899561E-03  1.7058020E-03  1.7217926E-03
  1.7379289E-03  1.7542123E-03  1.7706438E-03  1.7872239E-03  1.8039484E-03
  1.8208174E-03  1.8378322E-03  1.8549928E-03  1.8723001E-03  1.8897556E-03
  1.9073596E-03  1.9251126E-03  1.9430147E-03  1.9610664E-03  1.9792668E-03
  1.9976173E-03  2.0161183E-03  2.0347696E-03  2.0535726E-03  2.0725282E-03
  2.0916376E-03  2.1108994E-03  2.1303147E-03  2.1498844E-03  2.1696084E-03
  2.1894879E-03  2.2095225E-03  2.2297134E-03  2.2500628E-03  2.2705705E-03
  2.2912386E-03  2.3120688E-03  2.3330606E-03  2.3542158E-03  2.3755345E-03
  2.3970178E-03  2.4186664E-03  2.4404817E-03  2.4624642E-03  2.4846154E-03
  2.5069378E-03  2.5294323E-03  2.5521009E-03  2.5749470E-03  2.5979679E-03
  2.6211685E-03  2.6445489E-03  2.6681090E-03  2.6918529E-03  2.7157802E-03
  2.7398923E-03  2.7641926E-03  2.7886853E-03  2.8133716E-03  2.8382540E-03
  2.8633326E-03  2.8886080E-03  2.9140823E-03  2.9397551E-03  2.9656275E-03
  2.9917012E-03  3.0179771E-03  3.0444623E-03  3.0711608E-03  3.0980741E-03
  3.1252017E-03  3.1525481E-03  3.1801090E-03  3.2078831E-03  3.2358684E-03
  3.2640670E-03  3.2924765E-03  3.3211014E-03  3.3499396E-03  3.3789931E-03
  3.4082611E-03  3.4377449E-03  3.4674481E-03  3.4973796E-03  3.5275409E-03
  3.5579316E-03  3.5885531E-03  3.6194059E-03  3.6504925E-03  3.6818127E-03
  3.7133663E-03  3.7451563E-03  3.7771822E-03  3.8094453E-03  3.8419459E-03
  3.8746861E-03  3.9076675E-03  3.9408985E-03  3.9743851E-03  4.0081260E-03
  4.0421258E-03  4.0763826E-03  4.1108998E-03  4.1456763E-03  4.1807159E-03
  4.2160186E-03  4.2515863E-03  4.2874198E-03  4.3235202E-03  4.3598898E-03
  4.3965369E-03  4.4334661E-03  4.4706832E-03  4.5081908E-03  4.5459867E-03
  4.5840768E-03  4.6224613E-03  4.6611419E-03  4.7001210E-03  4.7393995E-03
  4.7789784E-03  4.8188614E-03  4.8590507E-03  4.8995586E-03  4.9403892E-03
  4.9815425E-03  5.0230236E-03  5.0648325E-03  5.1069739E-03  5.1494450E-03
  5.1922519E-03  5.2353917E-03  5.2788663E-03  5.3226771E-03  5.3668316E-03
  5.4113381E-03  5.4562008E-03  5.5014193E-03  5.5469950E-03  5.5929343E-03
  5.6392350E-03  5.6858929E-03  5.7329079E-03  5.7802834E-03  5.8280174E-03
  5.8761192E-03  5.9245965E-03  5.9734513E-03  6.0226857E-03  6.0722986E-03
  6.1222953E-03  6.1726756E-03  6.2234406E-03  6.2745907E-03  6.3261278E-03
  6.3780579E-03  6.4303889E-03  6.4831264E-03  6.5362686E-03  6.5898206E-03
  6.6437833E-03  6.6981558E-03  6.7529427E-03  6.8081426E-03  6.8637603E-03
  6.9198003E-03  6.9762757E-03  7.0331893E-03  7.0905462E-03  7.1483501E-03
  7.2066053E-03  7.2653131E-03  7.3244791E-03  7.3841047E-03  7.4441959E-03
  7.5047528E-03  7.5657791E-03  7.6272804E-03  7.6892585E-03  7.7517154E-03
  7.8146495E-03  7.8780726E-03  7.9419771E-03  8.0063762E-03  8.0712838E-03
  8.1367083E-03  8.2026534E-03  8.2691209E-03  8.3361138E-03  8.4036347E-03
  8.4716864E-03  8.5402727E-03  8.6093955E-03  8.6790565E-03  8.7492550E-03
  8.8199936E-03  8.8912761E-03  8.9631025E-03  9.0354709E-03  9.1083879E-03
  9.1818562E-03  9.2559038E-03  9.3305353E-03  9.4057517E-03  9.4815576E-03
  9.5579624E-03  9.6349604E-03  9.7125657E-03  9.7907782E-03  9.8696025E-03
  9.9490425E-03  1.0029103E-02  1.0109779E-02  1.0191074E-02  1.0272993E-02
  1.0355537E-02  1.0438711E-02  1.0522518E-02  1.0606961E-02  1.0692043E-02
  1.0777771E-02  1.0864143E-02  1.0951167E-02  1.1038843E-02  1.1127175E-02
  1.1216165E-02  1.1305822E-02  1.1396140E-02  1.1487131E-02  1.1578790E-02
  1.1671145E-02  1.1764214E-02  1.1858006E-02  1.1952523E-02  1.2047772E-02
  1.2143756E-02  1.2240481E-02  1.2337958E-02  1.2436186E-02  1.2535173E-02
  1.2634927E-02  1.2735444E-02  1.2836739E-02  1.2938811E-02  1.3041667E-02
  1.3145310E-02  1.3249742E-02  1.3354976E-02  1.3461007E-02  1.3567841E-02
  1.3675483E-02  1.3783937E-02  1.3893208E-02  1.4003289E-02  1.4114192E-02
  1.4225921E-02  1.4338500E-02  1.4451954E-02  1.4566280E-02  1.4681490E-02
  1.4797587E-02  1.4914577E-02  1.5032465E-02  1.5151259E-02  1.5270961E-02
  1.5391574E-02  1.5513117E-02  1.5635576E-02  1.5758973E-02  1.5883299E-02
  1.6008561E-02  1.6134776E-02  1.6261941E-02  1.6390050E-02  1.6519124E-02
  1.6649153E-02  1.6780145E-02  1.6912112E-02  1.7045049E-02  1.7178992E-02
  1.7313952E-02  1.7449934E-02  1.7586952E-02  1.7725004E-02  1.7864097E-02
  1.8004231E-02  1.8145410E-02  1.8287636E-02  1.8430920E-02  1.8575268E-02
  1.8720681E-02  1.8867165E-02  1.9014725E-02  1.9163376E-02  1.9313119E-02
  1.9463949E-02  1.9615885E-02  1.9768924E-02  1.9923080E-02  2.0078363E-02
  2.0234797E-02  2.0392397E-02  2.0551166E-02  2.0711115E-02  2.0872248E-02
  2.1034572E-02  2.1198098E-02  2.1362826E-02  2.1528775E-02  2.1695940E-02
  2.1864334E-02  2.2033961E-02  2.2204829E-02  2.2376947E-02  2.2550317E-02
  2.2724945E-02  2.2900840E-02  2.3078009E-02  2.3256473E-02  2.3436259E-02
  2.3617374E-02  2.3799820E-02  2.3983618E-02  2.4168763E-02  2.4355266E-02
  2.4543134E-02  2.4732377E-02  2.4923006E-02  2.5115019E-02  2.5308426E-02
  2.5503227E-02  2.5699444E-02  2.5897063E-02  2.6096106E-02  2.6296567E-02
  2.6498461E-02  2.6701840E-02  2.6906690E-02  2.7113037E-02  2.7320882E-02
  2.7530236E-02  2.7741112E-02  2.7953515E-02  2.8167453E-02  2.8382936E-02
  2.8599974E-02  2.8818581E-02  2.9038759E-02  2.9260520E-02  2.9483881E-02
  2.9708842E-02  2.9935407E-02  3.0163595E-02  3.0393414E-02  3.0624872E-02
  3.0857980E-02  3.1092739E-02  3.1329166E-02  3.1567268E-02  3.1807043E-02
  3.2048501E-02  3.2291643E-02  3.2536473E-02  3.2783017E-02  3.3031255E-02
  3.3281222E-02  3.3532932E-02  3.3786420E-02  3.4041699E-02  3.4298789E-02
  3.4557689E-02  3.4818403E-02  3.5080951E-02  3.5345357E-02  3.5611603E-02
  3.5879720E-02  3.6149714E-02  3.6421593E-02  3.6695380E-02  3.6971066E-02
  3.7248679E-02  3.7528209E-02  3.7809692E-02  3.8093116E-02  3.8378499E-02
  3.8665865E-02  3.8955189E-02  3.9246514E-02  3.9539833E-02  3.9835162E-02
  4.0132511E-02  4.0431876E-02  4.0733278E-02  4.1036755E-02  4.1342326E-02
  4.1650016E-02  4.1959822E-02  4.2271785E-02  4.2585894E-02  4.2902160E-02
  4.3220602E-02  4.3541223E-02  4.3864042E-02  4.4189073E-02  4.4516314E-02
  4.4845786E-02  4.5177497E-02  4.5511458E-02  4.5847677E-02  4.6186160E-02
  4.6526924E-02  4.6869982E-02  4.7215335E-02  4.7563020E-02  4.7913004E-02
  4.8265316E-02  4.8619974E-02  4.8976999E-02  4.9336433E-02  4.9698282E-02
  5.0062578E-02  5.0429314E-02  5.0798528E-02  5.1170219E-02  5.1544398E-02
  5.1921085E-02  5.2300286E-02  5.2682042E-02  5.3066336E-02  5.3453192E-02
  5.3842619E-02  5.4234631E-02  5.4629263E-02  5.5026494E-02  5.5426370E-02
  5.5828869E-02  5.6234036E-02  5.6641843E-02  5.7052325E-02  5.7465486E-02
  5.7881363E-02  5.8300000E-02  5.8721378E-02  5.9145533E-02  5.9572455E-02
  6.0002193E-02  6.0434707E-02  6.0870066E-02  6.1308272E-02  6.1749294E-02
  6.2193211E-02  6.2639989E-02  6.3089661E-02  6.3542239E-02  6.3997731E-02
  6.4456135E-02  6.4917497E-02  6.5381803E-02  6.5849073E-02  6.6319324E-02
  6.6792615E-02  6.7268945E-02  6.7748338E-02  6.8230800E-02  6.8716384E-02
  6.9205068E-02  6.9696859E-02  7.0191815E-02  7.0689924E-02  7.1191207E-02
  7.1695656E-02  7.2203323E-02  7.2714202E-02  7.3228315E-02  7.3745668E-02
  7.4266285E-02  7.4790172E-02  7.5317346E-02  7.5847842E-02  7.6381668E-02
  7.6918885E-02  7.7459484E-02  7.8003488E-02  7.8550927E-02  7.9101793E-02
  7.9656109E-02  8.0213889E-02  8.0775186E-02  8.1339978E-02  8.1908293E-02
  8.2480147E-02  8.3055586E-02  8.3634578E-02  8.4217161E-02  8.4803358E-02
  8.5393175E-02  8.5986637E-02  8.6583748E-02  8.7184548E-02  8.7789044E-02
  8.8397235E-02  8.9009158E-02  8.9624807E-02  9.0244211E-02  9.0867445E-02
  9.1494516E-02  9.2125408E-02  9.2760205E-02  9.3398884E-02  9.4041482E-02
  9.4688006E-02  9.5338471E-02  9.5992908E-02  9.6651308E-02  9.7313739E-02
  9.7980186E-02  9.8650672E-02  9.9325195E-02  0.1000038      0.1006865    
  0.1013733      0.1020642      0.1027592      0.1034584      0.1041617    
  0.1048692      0.1055809      0.1062968      0.1070170      0.1077415    
  0.1084704      0.1092036      0.1099411      0.1106831      0.1114294    
  0.1121802      0.1129355      0.1136952      0.1144594      0.1152281    
  0.1160014      0.1167792      0.1175616      0.1183486      0.1191402    
  0.1199365      0.1207374      0.1215430      0.1223534      0.1231684    
  0.1239882      0.1248128      0.1256421      0.1264763      0.1273153    
  0.1281591      0.1290079      0.1298615      0.1307200      0.1315835    
  0.1324519      0.1333253      0.1342038      0.1350873      0.1359759    
  0.1368697      0.1377686      0.1386727      0.1395820      0.1404966    
  0.1414164      0.1423415      0.1432719      0.1442077      0.1451488    
  0.1460953      0.1470472      0.1480047      0.1489675      0.1499359    
  0.1509097      0.1518891      0.1528742      0.1538647      0.1548609    
  0.1558628      0.1568704      0.1578836      0.1589026      0.1599273    
  0.1609579      0.1619942      0.1630363      0.1640843      0.1651383    
  0.1661982      0.1672641      0.1683361      0.1694141      0.1704983    
  0.1715885      0.1726849      0.1737875      0.1748963      0.1760113    
  0.1771326      0.1782602      0.1793941      0.1805343      0.1816808    
  0.1828339      0.1839932      0.1851590      0.1863313      0.1875100    
  0.1886953      0.1898872      0.1911217      0.1924025      0.1936972    
  0.1950113      0.1963500      0.1977137      0.1991009      0.2005105    
  0.2019434      0.2034012      0.2048835      0.2063891      0.2079181    
  0.2094719      0.2110507      0.2126533      0.2142786      0.2159278    
  0.2176018      0.2192998      0.2210210      0.2227657      0.2245346    
  0.2263273      0.2281437      0.2299842      0.2318489      0.2337374    
  0.2356497      0.2375862      0.2395467      0.2415317      0.2435408    
  0.2455741      0.2476318      0.2497139      0.2518206      0.2539521    
  0.2561086      0.2582903      0.2604974      0.2627301      0.2649889    
  0.2672738      0.2695851      0.2719232      0.2742884      0.2766811    
  0.2791014      0.2815496      0.2840261      0.2865311      0.2890650    
  0.2916279      0.2942202      0.2968420      0.2994937      0.3021756    
  0.3048877      0.3076305      0.3104043      0.3132092      0.3160456    
  0.3189135      0.3218135      0.3247457      0.3277106      0.3307082    
  0.3337390      0.3368033      0.3399013      0.3430334      0.3462001    
  0.3494015      0.3526382      0.3559104      0.3592187      0.3625632    
  0.3659445      0.3693629      0.3728189      0.3763128      0.3798451    
  0.3834160      0.3870260      0.3906756      0.3943651      0.3980950    
  0.4018658      0.4056775      0.4095310      0.4134265      0.4173647    
  0.4213455      0.4253698      0.4294378      0.4335501      0.4377069    
  0.4419091      0.4461567      0.4504506      0.4547911      0.4591787    
  0.4636137      0.4680972      0.4726290      0.4772100      0.4818407    
  0.4865216      0.4912533      0.4960363      0.5008711      0.5057583    
  0.5106984      0.5156921      0.5207400      0.5258425      0.5310004    
  0.5362141      0.5414843      0.5468116      0.5521968      0.5576401    
  0.5631427      0.5687046      0.5743268      0.5800094      0.5857537    
  0.5915597      0.5974288      0.6033610      0.6093574      0.6154184    
  0.6215449      0.6277375      0.6339967      0.6403235      0.6467186    
  0.6531825      0.6597162      0.6663204      0.6729956      0.6797428    
  0.6865625      0.6934559      0.7004234      0.7074656      0.7145840    
  0.7217785      0.7290507      0.7364008      0.7438300      0.7513388    
  0.7589285      0.7665995      0.7743529      0.7821893      0.7901099    
  0.7981154      0.8062069      0.8143853      0.8226514      0.8310061    
  0.8394505      0.8479854      0.8566118      0.8653306      0.8741427    
  0.8830492      0.8920512      0.9011495      0.9103449      0.9196389    
  0.9290320      0.9385256      0.9481207      0.9578180      0.9676192    
  0.9775248      0.9875360      0.9976544       1.007880       1.018215    
   1.028659       1.039214       1.049881       1.060661       1.071555    
   1.082565       1.093691       1.104934       1.116296       1.127779    
   1.139383       1.151109       1.162959       1.174933       1.187034    
   1.199262       1.211619       1.224105       1.236724       1.249474    
   1.262359       1.275378       1.288535       1.301829       1.315263    
   1.328838       1.342555       1.356416       1.370421       1.384573    
   1.398873       1.413323       1.427924       1.442678       1.457587    
   1.472652       1.487874       1.503255       1.518798       1.534503    
   1.550373       1.566409       1.582613       1.598986       1.615531    
   1.632249       1.649142       1.666211       1.683460       1.700889    
   1.718501       1.736297       1.754280       1.772451       1.790812    
   1.809364       1.828110       1.847052       1.866192       1.885531    
   1.905072       1.924817       1.944767       1.964926       1.985296    
   2.005878       2.026674       2.047688       2.068921       2.090375    
   2.112054       2.133959       2.156091       2.178456       2.201054    
   2.223887       2.246959       2.270272       2.293828       2.317631    
   2.341682       2.365984       2.390541       2.415355       2.440428    
   2.465763       2.491364       2.517232       2.543371       2.569784    
   2.596473       2.623441       2.650692       2.678229       2.706053    
   2.734171       2.762582       2.791291       2.820300       2.849615    
   2.879237       2.909169       2.939415       2.969979       3.000864    
   3.032074       3.063610       3.095478       3.127681       3.160222    
   3.193106       3.226332       3.259907       3.293832       3.328123    
   3.362790       3.397770       3.432907       3.468159       3.503735    
   3.539899       3.576682       3.613943       3.651588       3.689612    
   3.728031       3.766855       3.806083       3.845723       3.885776    
   3.926249       3.967144       4.008468       4.050223       4.092414    
   4.135046       4.178124       4.221653       4.265635       4.310077    
   4.354983       4.400358       4.446206       4.492533       4.539341    
   4.586639       4.634430       4.682718       4.731511       4.780811    
   4.830625       4.880958       4.931813       4.983199       5.035119    
   5.087578       5.140583       5.194140       5.248252       5.302927    
   5.358170       5.413987       5.470384       5.527368       5.584941    
   5.643112       5.701884       5.761265       5.821257       5.881867    
   5.943102       6.004968       6.067470       6.130615       6.194409    
   6.258857       6.323966       6.389743       6.456194       6.523325    
   6.591143       6.659655       6.728865       6.798782       6.869412    
   6.940763       7.012838       7.085648       7.159195       7.233490    
   7.308540       7.384350       7.460927       7.538281       7.616416    
   7.695343       7.775067       7.855597       7.936940       8.019102    
   8.102095       8.185925       8.270597       8.356123       8.442510    
   8.529768       8.617902       8.706924       8.796842       8.887660    
   8.979396       9.072053       9.165644       9.260177       9.355663    
   9.452110       9.549529       9.647934       9.747329       9.847737    
   9.949153       10.05161       10.15509       10.25963       10.36522    
   10.47189       10.57965       10.68850       10.79848       10.90958    
   11.02183       11.13525       11.24984       11.36563       11.48263    
   11.60087       11.72036       11.84112       11.96318       12.08655    
   12.21127       12.33734       12.46480       12.59366       12.72395    
   12.85570       12.98892       13.12364       13.25989       13.39767    
   13.53701       13.67793       13.82044       13.96455       14.11026    
   14.25758       14.40652       14.55705       14.70916       14.86286    
   15.01810       15.17487       15.33312       15.49284       15.65398    
   15.81650       15.98037       16.14554       16.31199       16.47967    
   16.64855       16.81861       16.98984       17.16221       17.33572    
   17.51036       17.68615       17.86307       18.04115       18.22041    
   18.40085       18.58252       18.76543       18.94961       19.13510    
   19.32193       19.51014       19.69973       19.89077       20.08326    
   20.27724       20.47275       20.66979       20.86839       21.06859    
   21.27039       21.47381       21.67887       21.88559       22.09398    
   22.30406       22.51583       22.72931       22.94451       23.16142    
   23.38007       23.60046       23.82259       24.04648       24.27213    
   24.49953       24.72870       24.95965       25.19237       25.42687    
   25.66314       25.90120       26.14105       26.38269       26.62612    
   26.87134       27.11836       27.36717       27.61778       27.87018    
   28.12438       28.38037       28.63816       28.89774       29.15911    
   29.42228       29.68723       29.95397       30.22249       30.49279    
   30.76486       31.03869       31.31431       31.59166       31.87077    
   32.15159       32.43415       32.71841       33.00438       33.29204    
   33.58139       33.87239       34.16507       34.45937       34.75532    
   35.05289       35.35205       35.65280       35.95512       36.25900    
   36.56441       36.87135       37.17978       37.48969       37.80107    
   38.11390       38.42816       38.74383       39.06089       39.37934    
   39.69913       40.02028       40.34274       40.66650       40.99156    
   41.31787       41.64546       41.97426       42.30429       42.63549    
   42.96786       43.30140       43.63605       43.97179       44.30863    
   44.64651       44.98542       45.32536       45.66628       46.00816    
   46.35099       46.69474       47.03940       47.38493       47.73133    
   48.07857       48.42662       48.77547       49.12511       49.47549    
   49.82663       50.17848       50.53104       50.88427       51.23819    
   51.59276       51.94795       52.30378       52.66021       53.01723    
   53.37482       53.73299       54.09169       54.45094       54.81071    
   55.17099       55.53176       55.89303       56.25475       56.61697    
   56.97961       57.34269       57.70622       58.07015       58.43451    
   58.79927       59.16444       59.53000       59.89595       60.26229    
   60.62902       60.99611       61.36357       61.73141       62.09961    
   62.46818       62.83710       63.20641       63.57605       63.94607    
   64.31644       64.68716       65.05823       65.42967       65.80147    
   66.17364       66.54615       66.91903       67.29227       67.66588    
   68.03986       68.41421       68.78890       69.16402       69.53950    
   69.91534       70.29158       70.66820       71.04520       71.42258    
   71.80038       72.17855       72.55714       72.93613       73.31553    
   73.69532       74.07555       74.45621       74.83727       75.21877    
   75.60071       75.98309       76.36591       76.74915       77.13288    
   77.51704       77.90166       78.28678       78.67233       79.05837    
   79.44488       79.83186       80.21935       80.60731       80.99576    
   81.38470       81.77415       82.16410       82.55457       82.94555    
   83.33702       83.72903       84.12155       84.51459       84.90815    
   85.30223       85.69687       86.09202       86.48771       86.88393    
   87.28071       87.67800       88.07585       88.47424       88.87317    
   89.27265       89.67266       90.07323       90.47433       90.87597    
   91.27819       91.68090       92.08421       92.48803       92.89239    
   93.29730       93.70272       94.10872       94.51521       94.92225    
   95.32982       95.73792       96.14651       96.55560       96.96523    
   97.37537       97.78596       98.19706       98.60864       99.02069    
   99.43325       99.84625       100.2597       100.6736       101.0879    
   101.5027       101.9179       102.3335       102.7494       103.1658    
   103.5825       103.9996       104.4171       104.8348       105.2530    
   105.6714       106.0901       106.5092       106.9284       107.3480    
   107.7677       108.1877       108.6079       109.0283       109.4488    
   109.8694       110.2902       110.7110       111.1320       111.5529    
   111.9739       112.3949       112.8158       113.2367       113.6574    
   114.0781       114.4986       114.9190       115.3391       115.7590    
   116.1786       116.5978       117.0168       117.4353       117.8534    
   118.2710       118.6881       119.1047       119.5207       119.9360    
   120.3507       120.7646       121.1778       121.5901       122.0016    
   122.4122       122.8217       123.2303       123.6378       124.0441    
   124.4493       124.8532       125.2558       125.6570       126.0568    
   126.4552       126.8520       127.2471       127.6406       128.0324    
   128.4223       128.8104       129.1965       129.5807       129.9627    
   130.3427       130.7203       131.0958       131.4688       131.8395    
   132.2076       132.5732       132.9361       133.2964       133.6538    
   134.0084       134.3601       134.7089       135.0546       135.3971    
   135.7365       136.0726       136.4055       136.7350       137.0611    
   137.3836       137.7027       138.0182       138.3300       138.6382    
   138.9426       139.2433       139.5401       139.8332       140.1223    
   140.4075       140.6887       140.9660       141.2393       141.5086    
   141.7738       142.0350       142.2921       142.5452       142.7941    
   143.0391       143.2799       143.5166       143.7493       143.9780    
   144.2026       144.4232       144.6398       144.8523       145.0609    
   145.2656       145.4665       145.6634       145.8564       146.0457    
   146.2311       146.4129       146.5909       146.7653       146.9361    
   147.1033       147.2669       147.4271       147.5839       147.7373    
   147.8873       148.0341       148.1776       148.3179       148.4551    
   148.5893       148.7204       148.8485       148.9737       149.0960    
   149.2155       149.3322       149.4462       149.5575       149.6662    
   149.7724       149.8761       149.9772       150.0760       150.1724    
   150.2665       150.3582       150.4478       150.5353       150.6206    
   150.7037       150.7849       150.8641       150.9413       151.0166    
   151.0901       151.1618       151.2316       151.2997       151.3662    
   151.4310       151.4941       151.5557       151.6157       151.6743    
   151.7313       151.7869       151.8411       151.8940       151.9454    
   151.9957       152.0446       152.0923       152.1387       152.1840    
   152.2281       152.2711       152.3130       152.3539       152.3936    
   152.4324       152.4701       152.5069       152.5428       152.5777    
   152.6118       152.6449       152.6772       152.7087       152.7393    
   152.7692       152.7983       152.8267       152.8543       152.8812    
   152.9074       152.9329       152.9578       152.9820       153.0056    
   153.0285       153.0509       153.0728       153.0940       153.1147    
   153.1348       153.1544       153.1736       153.1922       153.2103    
   153.2280       153.2452       153.2619       153.2782       153.2941    
   153.3096       153.3247       153.3393       153.3536       153.3676    
   153.3811       153.3943       153.4072       153.4197       153.4319    
   153.4438       153.4554       153.4667       153.4776       153.4883    
   153.4987       153.5089       153.5188       153.5284       153.5377    
   153.5469       153.5557       153.5644       153.5728       153.5811    
   153.5890       153.5968       153.6044       153.6118       153.6190    
   153.6260       153.6328       153.6394       153.6459       153.6522    
   153.6584       153.6643       153.6702       153.6758       153.6814    
   153.6868       153.6920       153.6971       153.7020       153.7069    
   153.7116       153.7162       153.7207       153.7250       153.7293    
   153.7334       153.7374       153.7414       153.7452       153.7489    
   153.7525       153.7561       153.7595       153.7628       153.7661    
   153.7693       153.7724       153.7754       153.7784       153.7812    
   153.7840       153.7867       153.7894       153.7920       153.7945    
   153.7970       153.7994       153.8017       153.8039       153.8062    
   153.8083       153.8104       153.8125       153.8145       153.8165    
   153.8184       153.8203       153.8221       153.8239       153.8257    
   153.8274       153.8290       153.8307       153.8322       153.8337    
   153.8351       153.8365       153.8377       153.8389       153.8401    
   153.8414       153.8427       153.8440       153.8453       153.8465    
   153.8477       153.8488       153.8499       153.8510       153.8520    
   153.8530       153.8540       153.8550       153.8560       153.8569    
   153.8578       153.8587       153.8596       153.8605       153.8613    
   153.8621       153.8629       153.8637       153.8645       153.8650    
