   4348.491       4348.819       4349.183       4349.586       4350.034    
   4350.530       4351.080       4351.689       4352.365       4353.114    
   4353.944       4354.864       4355.883       4357.012       4358.262    
   4359.646       4361.178       4362.874       4364.750       4366.824    
   4369.119       4371.654       4374.456       4377.549       4380.963    
   4384.729       4388.879       4393.452       4398.485       4404.021    
   4410.103       4416.779       4424.099       4432.114       4440.880    
   4450.453       4460.889       4472.247       4484.585       4497.960    
   4512.427       4528.036       4544.833       4562.857       4582.141    
   4602.703       4624.553       4647.684       4672.074       4697.684    
   4724.456       4752.313       4781.159       4810.880       4841.345    
   4872.413       4903.931       4935.750       4967.720       4999.711    
   5031.615       5063.357       5094.908       5126.289       5157.581    
   5188.924       5220.518       5252.614       5285.505       5319.506    
   5354.938       5392.113       5431.311       5472.774       5516.701    
   5563.246       5612.523       5664.618       5719.596       5777.507    
   5800.440       5823.768       5847.491       5871.608       5896.118    
   5921.016       5946.292       5971.938       5997.942       6024.293    
   6050.979       6077.982       6105.287       6132.870       6160.708    
   6188.771       6217.033       6245.467       6274.044       6302.734    
   6331.503       6360.318       6389.146       6417.957       6446.722    
   6475.420       6504.039       6532.572       6561.032       6589.444    
   6617.848       6646.281       6674.782       6703.409       6732.253    
   6761.425       6791.044       6821.239       6852.144       6883.896    
   6916.627       6950.463       6985.510       7021.850       7059.536    
   7098.568       7138.873       7180.324       7222.774       7266.044    
   7309.933       7354.253       7398.853       7443.617       7488.470    
   7533.365       7578.271       7623.178       7668.087       7713.008    
   7757.961       7802.967       7848.043       7893.205       7938.461    
   7983.827       8029.316       8074.941       8120.705       8166.609    
   8212.652       8258.838       8305.167       8351.635       8398.234    
   8444.957       8491.794       8538.739       8585.785       8632.918    
   8680.127       8727.398       8774.722       8822.085       8869.477    
   8916.881       8964.286       9011.679       9059.046       9106.378    
   9153.660       9200.881       9248.029       9295.095       9342.067    
   9388.937       9435.692       9482.326       9528.828       9575.189    
   9621.405       9667.466       9713.365       9759.098       9804.658    
   9850.041       9895.242       9940.259       9985.086       10029.72    
   10074.16       10118.41       10162.46       10206.32       10249.98    
   10293.44       10336.70       10379.78       10422.66       10465.35    
   10507.86       10550.18       10592.32       10634.29       10676.07    
   10717.68       10759.12       10800.39       10841.49       10882.43    
   10923.21       10963.83       11004.29       11044.60       11084.77    
   11124.79       11164.67       11204.42       11244.04       11283.53    
   11322.90       11362.16       11401.30       11440.34       11479.28    
   11518.11       11556.84       11595.48       11634.03       11672.49    
   11710.86       11749.14       11787.35       11825.48       11863.54    
   11901.54       11939.46       11977.33       12015.14       12052.90    
   12090.61       12128.28       12165.91       12203.50       12241.05    
   12278.57       12316.05       12353.50       12390.93       12428.33    
   12465.71       12503.08       12540.42       12577.76       12615.08    
   12652.40       12689.72       12727.04       12764.36       12801.68    
   12839.01       12876.35       12913.71       12951.07       12988.45    
   13025.85       13063.27       13100.71       13138.17       13175.66    
   13213.17       13250.72       13288.29       13325.91       13363.56    
   13401.25       13438.99       13476.77       13514.60       13552.48    
   13590.41       13628.38       13666.41       13704.50       13742.64    
   13780.84       13819.09       13857.41       13895.79       13934.24    
   13972.75       14011.34       14050.00       14088.74       14127.55    
   14166.44       14205.41       14244.45       14283.58       14322.79    
   14362.08       14401.46       14440.92       14480.47       14520.12    
   14559.86       14599.69       14639.62       14679.65       14719.78    
   14760.01       14800.34       14840.78       14881.32       14921.97    
   14962.73       15003.60       15044.58       15085.67       15126.87    
   15168.20       15209.63       15251.19       15292.87       15334.67    
   15376.60       15418.65       15460.83       15503.14       15545.58    
   15588.15       15630.85       15673.69       15716.66       15759.77    
   15803.02       15846.41       15889.94       15933.62       15977.44    
   16021.41       16065.53       16109.79       16154.21       16198.79    
   16243.51       16288.40       16333.44       16378.63       16423.99    
   16469.51       16515.20       16561.05       16607.07       16653.25    
   16699.61       16746.14       16792.84       16839.72       16886.78    
   16934.02       16981.43       17029.03       17076.81       17124.77    
   17172.93       17221.27       17269.80       17318.52       17367.44    
   17416.56       17465.87       17515.39       17565.10       17615.02    
   17665.14       17715.46       17766.00       17816.74       17867.69    
   17918.86       17970.24       18021.83       18073.65       18125.69    
   18177.95       18230.43       18283.15       18336.09       18389.26    
   18442.67       18496.31       18550.18       18604.29       18658.64    
   18713.23       18768.06       18823.14       18878.47       18934.05    
   18989.88       19045.96       19102.30       19158.90       19215.77    
   19272.90       19330.29       19387.95       19445.88       19504.08    
   19562.55       19621.30       19680.32       19739.63       19799.22    
   19859.09       19919.26       19979.71       20040.45       20101.49    
   20162.83       20224.46       20286.40       20348.65       20411.20    
   20474.07       20537.24       20600.73       20664.54       20728.66    
   20793.11       20857.88       20922.98       20988.41       21054.18    
   21120.28       21186.72       21253.50       21320.62       21388.09    
   21455.90       21524.08       21592.60       21661.49       21730.73    
   21800.35       21870.32       21940.68       22011.40       22082.50    
   22153.99       22225.86       22298.12       22370.77       22443.81    
   22517.24       22591.08       22665.31       22739.96       22815.01    
   22890.47       22966.35       23042.65       23119.37       23196.51    
   23274.08       23352.09       23430.54       23509.42       23588.75    
   23668.53       23748.75       23829.43       23910.56       23992.15    
   24074.20       24156.73       24239.73       24323.20       24407.16    
   24491.59       24576.51       24661.92       24747.82       24834.21    
   24921.11       25008.50       25096.40       25184.80       25273.72    
   25363.16       25453.12       25543.61       25634.63       25726.19    
   25818.28       25910.92       26004.10       26097.82       26192.10    
   26286.92       26382.29       26478.22       26574.71       26671.77    
   26769.39       26867.60       26966.38       27065.75       27165.71    
   27266.26       27367.40       27469.14       27571.48       27674.43    
   27777.98       27882.14       27986.91       28092.31       28198.32    
   28304.95       28412.21       28520.10       28628.63       28737.80    
   28847.61       28958.07       29069.19       29180.96       29293.39    
   29406.49       29520.26       29634.70       29749.82       29865.63    
   29982.12       30099.30       30217.18       30335.75       30455.03    
   30575.00       30695.69       30817.09       30939.20       31062.04    
   31185.61       31309.91       31434.95       31560.73       31687.26    
   31814.54       31942.57       32071.36       32200.92       32331.24    
   32462.34       32594.22       32726.88       32860.32       32994.56    
   33129.59       33265.42       33402.05       33539.49       33677.74    
   33816.81       33956.71       34097.44       34239.01       34381.42    
   34524.68       34668.80       34813.77       34959.62       35106.34    
   35253.95       35402.46       35551.86       35702.17       35853.39    
   36005.55       36158.63       36312.65       36467.62       36623.54    
   36780.43       36938.29       37097.13       37256.97       37417.80    
   37579.64       37742.51       37906.39       38071.31       38237.27    
   38404.29       38572.36       38741.49       38911.70       39082.98    
   39255.36       39428.82       39603.38       39779.04       39955.82    
   40133.71       40312.73       40492.88       40674.17       40856.60    
   41040.18       41224.92       41410.82       41597.90       41786.16    
   41975.61       42166.26       42358.11       42551.18       42745.48    
   42941.00       43137.76       43335.77       43535.04       43735.58    
   43937.39       44140.50       44344.89       44550.59       44757.59    
   44965.92       45175.57       45386.56       45598.88       45812.55    
   46027.59       46243.98       46461.75       46680.89       46901.42    
   47123.35       47346.68       47571.41       47797.57       48025.14    
   48254.15       48484.60       48716.49       48949.83       49184.64    
   49420.91       49658.66       49897.88       50138.60       50380.80    
   50624.52       50869.73       51116.46       51364.70       51614.47    
   51865.77       52118.60       52372.97       52628.89       52886.36    
   53145.40       53406.00       53668.18       53931.94       54197.29    
   54464.23       54732.77       55002.91       55274.68       55548.06    
   55823.06       56099.70       56377.97       56657.88       56939.44    
   57222.66       57507.54       57794.08       58082.30       58372.18    
   58663.76       58957.02       59251.96       59548.61       59846.95    
   60146.99       60448.74       60752.21       61057.40       61364.32    
   61672.96       61983.35       62295.47       62609.35       62924.98    
   63242.38       63561.53       63882.46       64205.15       64529.63    
   64855.89       65183.93       65513.77       65845.41       66178.85    
   66514.10       66851.16       67190.02       67530.71       67873.23    
   68217.57       68563.74       68911.74       69261.59       69613.27    
   69966.80       70322.20       70679.45       71038.55       71399.53    
   71762.38       72127.11       72493.72       72862.22       73232.61    
   73604.90       73979.09       74355.18       74733.18       75113.10    
   75494.94       75878.70       76264.39       76652.02       77041.58    
   77433.08       77826.52       78221.93       78619.29       79018.61    
   79419.90       79823.16       80228.41       80635.63       81044.85    
   81456.07       81869.30       82284.55       82701.81       83121.12    
   83542.46       83965.86       84391.31       84818.84       85248.43    
   85680.12       86113.90       86549.78       86987.77       87427.89    
   87870.15       88314.55       88761.10       89209.83       89660.73    
   90113.81       90569.09       91026.59       91486.29       91948.21    
   92412.38       92878.79       93347.48       93818.44       94291.70    
   94767.26       95245.14       95725.37       96207.95       96692.88    
   97180.20       97669.91       98162.05       98656.63       99153.67    
   99653.20       100155.2       100659.7       101166.8       101676.4    
   102188.6       102703.4       103220.8       103740.9       104263.5    
   104788.9       105316.9       105847.7       106381.2       106917.4    
   107456.4       107998.2       108542.8       109090.2       109640.5    
   110193.6       110749.6       111308.5       111870.3       112435.1    
   113002.8       113573.5       114147.2       114723.9       115303.6    
   115886.5       116472.4       117061.4       117653.5       118248.8    
   118847.3       119449.0       120053.9       120662.1       121273.5    
   121888.2       122506.3       123127.7       123752.5       124380.6    
   125012.2       125647.3       126285.8       126927.8       127573.3    
   128222.3       128874.9       129531.0       130190.8       130854.2    
   131521.2       132191.9       132866.3       133544.4       134226.2    
   134911.8       135601.2       136294.4       136991.3       137692.2    
   138396.8       139105.4       139817.9       140534.2       141254.6    
   141978.9       142707.2       143439.5       144175.8       144916.1    
   145660.5       146409.0       147161.6       147918.3       148679.2    
   149444.3       150213.5       150986.9       151764.6       152546.5    
   153332.7       154123.2       154917.9       155717.0       156520.5    
   157328.3       158140.5       158957.2       159778.3       160603.9    
   161434.0       162268.5       163107.7       163951.4       164799.7    
   165652.6       166510.1       167372.3       168239.3       169110.9    
   169987.3       170868.5       171754.4       172645.2       173540.8    
   174441.3       175346.7       176257.0       177172.2       178092.4    
   179017.6       179947.8       180883.0       181823.3       182768.7    
   183719.2       184674.8       185635.6       186601.6       187572.8    
   188549.2       189530.9       190517.8       191510.1       192507.6    
   193510.5       194518.8       195532.4       196551.5       197576.0    
   198606.0       199641.5       200682.5       201729.0       202781.1    
   203838.8       204902.0       205971.0       207045.6       208125.8    
   209211.8       210303.5       211401.0       212504.3       213613.4    
   214728.4       215849.3       216976.1       218108.8       219247.5    
   220392.2       221542.9       222699.7       223862.6       225031.6    
   226206.7       227388.1       228575.6       229769.4       230969.5    
   232175.9       233388.6       234607.7       235833.2       237065.1    
   238303.5       239548.4       240799.9       242057.9       243322.5    
   244593.7       245871.6       247156.2       248447.5       249745.6    
   251050.5       252362.2       253680.8       255006.2       256338.5    
   257677.8       259024.0       260377.2       261737.5       263104.8    
   264479.2       265860.8       267249.5       268645.3       270048.4    
   271458.8       272876.4       274301.4       275733.7       277173.4    
   278620.6       280075.2       281537.3       283007.0       284484.2    
   285969.0       287461.4       288961.5       290469.3       291984.9    
   293508.2       295039.3       296578.3       298125.2       299680.0    
   301242.8       302813.6       304392.5       305979.4       307574.5    
   309177.8       310789.2       312409.0       314037.0       315673.3    
   317318.0       318971.1       320632.6       322302.6       323981.1    
   325668.2       327363.9       329068.2       330781.2       332502.9    
   334233.4       335972.6       337720.7       339477.7       341243.6    
   343018.4       344802.3       346595.2       348397.1       350208.2    
   352028.4       353857.8       355696.5       357544.4       359401.7    
   361268.2       363144.2       365029.6       366924.5       368828.8    
   370742.8       372666.2       374599.3       376542.1       378494.6    
   380456.8       382428.8       384410.7       386402.4       388404.0    
   390415.6       392437.1       394468.8       396510.4       398562.3    
   400624.3       402696.6       404779.1       406871.9       408975.2    
   411088.8       413212.8       415347.4       417492.5       419648.1    
   421814.4       423991.4       426179.1       428377.5       430586.7    
   432806.8       435037.8       437279.8       439532.7       441796.7    
   444071.7       446357.9       448655.2       450963.8       453283.7    
   455614.9       457957.5       460311.6       462677.0       465054.0    
   467442.6       469842.8       472254.7       474678.2       477113.6    
   479560.8       482019.8       484490.7       486973.6       489468.5    
   491975.4       494494.5       497025.7       499569.1       502124.7    
   504692.6       507272.9       509865.5       512470.5       515088.0    
   517718.1       520360.7       523015.9       525683.8       528364.4    
   531057.8       533763.9       536482.9       539214.8       541959.7    
   544717.6       547488.4       550272.4       553069.6       555880.0    
   558703.6       561540.4       564390.6       567254.2       570131.2    
   573021.8       575925.8       578843.4       581774.7       584719.6    
   587678.2       590650.7       593636.9       596637.1       599651.2    
   602679.2       605721.3       608777.6       611847.9       614932.4    
   618031.2       621144.4       624271.8       627413.7       630570.0    
   633740.8       636926.2       640126.1       643340.8       646570.2    
   649814.3       653073.2       656347.1       659635.8       662939.5    
   666258.2       669592.1       672941.0       676305.2       679684.5    
   683079.2       686489.2       689914.5       693355.3       696811.6    
   700283.5       703770.9       707274.0       710792.8       714327.4    
   717877.7       721443.9       725026.0       728624.1       732238.1    
   735868.2       739514.5       743176.9       746855.6       750550.4    
   754261.6       757989.2       761733.2       765493.7       769270.7    
   773064.2       776874.4       780701.3       784544.9       788405.3    
   792282.5       796176.6       800087.7       804015.8       807960.8    
   811923.0       815902.4       819898.9       823912.8       827943.9    
   831992.3       836058.2       840141.6       844242.5       848360.9    
   852497.0       856650.8       860822.2       865011.5       869218.6    
   873443.6       877686.5       881947.4       886226.3       890523.4    
   894838.6       899172.0       903523.6       907893.6       912281.9    
   916688.6       921113.8       925557.5       930019.8       934500.6    
   939000.2       943518.4       948055.5       952611.4       957186.1    
   961779.8       966392.4       971024.2       975675.0       980344.9    
   985034.1       989742.5       994470.2       999217.3       1003984.    
   1008770.       1013575.       1018400.       1023245.       1028109.    
   1032994.       1037898.       1042821.       1047765.       1052728.    
   1057712.       1062716.       1067739.       1072783.       1077848.    
   1082932.       1088037.       1093162.       1098307.       1103473.    
   1108660.       1113867.       1119095.       1124343.       1129612.    
   1134902.       1140213.       1145545.       1150898.       1156272.    
   1161666.       1167082.       1172519.       1177978.       1183458.    
   1188959.       1194481.       1200025.       1205590.       1211178.    
   1216786.       1222417.       1228069.       1233743.       1239439.    
   1245157.       1250897.       1256658.       1262442.       1268249.    
   1274077.       1279928.       1285800.       1291696.       1297614.    
   1303554.       1309517.       1315502.       1321511.       1327542.    
   1333595.       1339672.       1345772.       1351894.       1358040.    
   1364208.       1370400.       1376615.       1382854.       1389115.    
   1395400.       1401709.       1408041.       1414397.       1420776.    
   1427179.       1433606.       1440057.       1446532.       1453030.    
   1459553.       1466100.       1472671.       1479266.       1485885.    
   1492529.       1499197.       1505890.       1512607.       1519348.    
   1526115.       1532906.       1539722.       1546562.       1553428.    
   1560318.       1567234.       1574174.       1581140.       1588131.    
   1595148.       1602189.       1609256.       1616349.       1623467.    
   1630611.       1637780.       1644975.       1652196.       1659443.    
   1666716.       1674015.       1681340.       1688691.       1696068.    
   1703472.       1710902.       1718358.       1725841.       1733351.    
   1740887.       1748450.       1756039.       1763656.       1771299.    
   1778969.       1786667.       1794391.       1802143.       1809922.    
   1817728.       1825562.       1833424.       1841312.       1849229.    
   1857173.       1865145.       1873145.       1881172.       1889228.    
   1897312.       1905424.       1913564.       1921733.       1929930.    
   1938155.       1946409.       1954692.       1963003.       1971343.    
   1979712.       1988110.       1996537.       2004993.       2013478.    
   2021992.       2030536.       2039110.       2047712.       2056345.    
   2065007.       2073698.       2082420.       2091172.       2099954.    
   2108765.       2117607.       2126479.       2135382.       2144315.    
   2153278.       2162272.       2171297.       2180353.       2189440.    
   2198557.       2207706.       2216838.       2225871.       2234791.    
   2243653.       2252492.       2261306.       2270096.       2278861.    
   2287599.       2296311.       2304998.       2313660.       2322298.    
   2330912.       2339502.       2348067.       2356610.       2365129.    
   2373626.       2382101.       2390554.       2398987.       2407399.    
   2415791.       2424164.       2432518.       2440854.       2449172.    
   2457473.       2465758.       2474028.       2482282.       2490522.    
   2498747.       2506960.       2515158.       2523344.       2531517.    
   2539677.       2547824.       2555957.       2564078.       2572185.    
   2580279.       2588360.       2596427.       2604481.       2612522.    
   2620548.       2628562.       2636563.       2644551.       2652526.    
   2660490.       2668442.       2676382.       2684312.       2692232.    
   2700142.       2708042.       2715935.       2723819.       2731695.    
   2739565.       2747428.       2755285.       2763136.       2770983.    
   2778826.       2786664.       2794500.       2802332.       2810162.    
   2817990.       2825816.       2833640.       2841463.       2849285.    
   2857106.       2864928.       2872749.       2880571.       2888394.    
   2896217.       2904042.       2911870.       2919699.       2927531.    
   2935366.       2943204.       2951046.       2958892.       2966742.    
   2974597.       2982457.       2990323.       2998195.       3006073.    
   3013958.       3021850.       3029748.       3037655.       3045569.    
   3053491.       3061421.       3069360.       3077307.       3085263.    
   3093228.       3101202.       3109186.       3117180.       3125183.    
   3133196.       3141220.       3149254.       3157299.       3165354.    
   3173421.       3181498.       3189587.       3197688.       3205800.    
   3213924.       3222060.       3230208.       3238368.       3246540.    
   3254726.       3262924.       3271135.       3279359.       3287596.    
   3295847.       3304111.       3312388.       3320680.       3328985.    
   3337305.       3345638.       3353986.       3362348.       3370725.    
   3379117.       3387524.       3395945.       3404382.       3412834.    
   3421301.       3429784.       3438283.       3446798.       3455329.    
   3463876.       3472439.       3481019.       3489615.       3498228.    
   3506856.       3515502.       3524165.       3532844.       3541541.    
   3550254.       3558985.       3567733.       3576498.       3585282.    
   3594082.       3602901.       3611737.       3620591.       3629464.    
   3638354.       3647263.       3656190.       3665136.       3674100.    
   3683084.       3692086.       3701107.       3710147.       3719206.    
   3728285.       3737383.       3746501.       3755638.       3764795.    
   3773972.       3783169.       3792386.       3801622.       3810880.    
   3820158.       3829456.       3838774.       3848114.       3857474.    
   3866855.       3876257.       3885680.       3895125.       3904591.    
   3914079.       3923588.       3933118.       3942671.       3952246.    
   3961842.       3971461.       3981102.       3990766.       4000452.    
   4010161.       4019893.       4029648.       4039425.       4049226.    
   4059049.       4068896.       4078766.       4088660.       4098576.    
   4108517.       4118481.       4128469.       4138481.       4148517.    
   4158577.       4168662.       4178770.       4188904.       4199062.    
   4209245.       4219454.       4229686.       4239946.       4250230.    
   4260540.       4270877.       4281240.       4291628.       4302043.    
   4312484.       4322953.       4333448.       4343970.       4354519.    
   4365096.       4375700.       4386331.       4396990.       4407678.    
   4418393.       4429137.       4439909.       4450710.       4461539.    
   4472398.       4483285.       4494202.       4505148.       4516124.    
   4527130.       4538165.       4549231.       4560327.       4571454.    
   4582610.       4593798.       4605018.       4616268.       4627550.    
   4638862.       4650208.       4661584.       4672993.       4684434.    
   4695908.       4707414.       4718953.       4730525.       4742130.    
   4753768.       4765440.       4777146.       4788886.       4800660.    
   4812468.       4824311.       4836188.       4848100.       4860048.    
   4872030.       4884048.       4896101.       4908190.       4920319.    
   4932490.       4944680.       4956834.       4968939.       4981067.    
   4993305.       5005662.       5018087.       5030548.       5043040.    
   5055570.       5068139.       5080746.       5093392.       5106076.    
   5118800.       5131562.       5144364.       5157205.       5170086.    
   5183007.       5195968.       5208970.       5222012.       5235094.    
   5248218.       5261382.       5274588.       5287836.       5301126.    
   5314458.       5327832.       5341248.       5354708.       5368210.    
   5381756.       5395346.       5408978.       5422655.       5436376.    
   5450142.       5463952.       5477807.       5491708.       5505653.    
   5519644.       5533682.       5547766.       5561896.       5576072.    
   5590296.       5604566.       5618885.       5633251.       5647665.    
   5662128.       5676638.       5691198.       5705806.       5720464.    
   5735172.       5749930.       5764737.       5779595.       5794504.    
   5809464.       5824474.       5839537.       5854652.       5869818.    
   5885037.       5900309.       5915634.       5931013.       5946446.    
   5961933.       5977475.       5993072.       6008724.       6024432.    
   6040195.       6056016.       6071892.       6087827.       6103819.    
   6119869.       6135977.       6152144.       6168370.       6184656.    
   6201002.       6217408.       6233874.       6250403.       6266994.    
   6283646.       6300362.       6317141.       6333984.       6350892.    
   6367865.       6384904.       6402010.       6419182.       6436424.    
   6453733.       6471112.       6488562.       6506084.       6523677.    
   6541344.       6559085.       6576902.       6594795.       6612766.    
   6630816.       6648948.       6667160.       6685457.       6703839.    
   6722308.       6740864.       6759512.       6778252.       6797086.    
   6816016.       6835044.       6854173.       6873404.       6892740.    
   6912182.       6931733.       6951394.       6971166.       6991052.    
   7011052.       7031168.       7051399.       7071746.       7092206.    
   7112782.       7133469.       7154266.       7175170.       7196176.    
   7217282.       7238482.       7259770.       7281142.       7302590.    
   7324111.       7345696.       7367342.       7389042.       7410791.    
   7432586.       7454422.       7476296.       7498208.       7520154.    
   7542136.       7564152.       7586203.       7608291.       7630418.    
   7652585.       7674796.       7697053.       7719360.       7741719.    
   7764134.       7786610.       7809147.       7831750.       7854423.    
   7877166.       7899984.       7922879.       7945852.       7968906.    
   7992042.       8015262.       8038566.       8061957.       8085434.    
   8108997.       8132648.       8156387.       8180214.       8204128.    
   8228131.       8252222.       8276401.       8300668.       8325022.    
   8349465.       8373994.       8398611.       8423315.       8448104.    
   8472980.       8497942.       8522988.       8548120.       8573336.    
   8598635.       8624018.       8649484.       8675032.       8700661.    
   8726371.       8752161.       8778031.       8803979.       8830006.    
   8856109.       8882288.       8908543.       8934873.       8961275.    
   8987750.       9014297.       9040913.       9067599.       9094353.    
   9121173.       9148059.       9175008.       9202021.       9229095.    
   9256230.       9283422.       9310672.       9337977.       9365336.    
   9392748.       9420210.       9447722.       9475281.       9502886.    
   9530535.       9558226.       9585958.       9613729.       9641536.    
   9669378.       9697253.       9725157.       9753089.       9781047.    
   9809028.       9837030.       9865051.       9893087.       9921136.    
   9949196.       9977265.      1.0005338E+07  1.0033415E+07  1.0061492E+07
  1.0089568E+07  1.0117640E+07  1.0145707E+07  1.0173765E+07  1.0201813E+07
  1.0229848E+07  1.0257869E+07  1.0285872E+07  1.0313857E+07  1.0341821E+07
  1.0369762E+07  1.0397678E+07  1.0425566E+07  1.0453426E+07  1.0481254E+07
  1.0509050E+07  1.0536810E+07  1.0564534E+07  1.0592220E+07  1.0619865E+07
  1.0647468E+07  1.0675028E+07  1.0702543E+07  1.0730011E+07  1.0757431E+07
  1.0784801E+07  1.0812120E+07  1.0839386E+07  1.0866599E+07  1.0893756E+07
  1.0920857E+07  1.0947901E+07  1.0974886E+07  1.1001811E+07  1.1028675E+07
  1.1055478E+07  1.1082218E+07  1.1108895E+07  1.1135507E+07  1.1162054E+07
  1.1188536E+07  1.1214951E+07  1.1241299E+07  1.1267579E+07  1.1293791E+07
  1.1319935E+07  1.1346009E+07  1.1372014E+07  1.1397948E+07  1.1423813E+07
  1.1449606E+07  1.1475328E+07  1.1500980E+07  1.1526559E+07  1.1552067E+07
  1.1577503E+07  1.1602867E+07  1.1628159E+07  1.1653378E+07  1.1678525E+07
  1.1703600E+07  1.1728603E+07  1.1753533E+07  1.1778391E+07  1.1803177E+07
  1.1827890E+07  1.1852532E+07  1.1877102E+07  1.1901599E+07  1.1926025E+07
  1.1950380E+07  1.1974663E+07  1.1998875E+07  1.2023016E+07  1.2047087E+07
  1.2071086E+07  1.2095016E+07  1.2118876E+07  1.2142665E+07  1.2166385E+07
  1.2190036E+07  1.2213618E+07  1.2237132E+07  1.2260576E+07  1.2283953E+07
  1.2307262E+07  1.2330504E+07  1.2353678E+07  1.2376785E+07  1.2399826E+07
  1.2422800E+07  1.2445708E+07  1.2468550E+07  1.2491327E+07  1.2514039E+07
  1.2536685E+07  1.2559268E+07  1.2581786E+07  1.2604239E+07  1.2626629E+07
  1.2648956E+07  1.2671219E+07  1.2693419E+07  1.2715557E+07  1.2737632E+07
  1.2759645E+07  1.2781596E+07  1.2803485E+07  1.2825313E+07  1.2847079E+07
  1.2868784E+07  1.2890429E+07  1.2912013E+07  1.2933536E+07  1.2954999E+07
  1.2976402E+07  1.2997745E+07  1.3019028E+07  1.3040252E+07  1.3061417E+07
  1.3082521E+07  1.3103567E+07  1.3124554E+07  1.3145481E+07  1.3166350E+07
  1.3187160E+07  1.3207911E+07  1.3228603E+07  1.3249237E+07  1.3269813E+07
  1.3290329E+07  1.3310788E+07  1.3331188E+07  1.3351529E+07  1.3371812E+07
  1.3392037E+07  1.3412202E+07  1.3432310E+07  1.3452358E+07  1.3472348E+07
  1.3492280E+07  1.3512152E+07  1.3531965E+07  1.3551720E+07  1.3571415E+07
  1.3591050E+07  1.3610627E+07  1.3630144E+07  1.3649601E+07  1.3668998E+07
  1.3688335E+07  1.3707612E+07  1.3726828E+07  1.3745983E+07  1.3765077E+07
  1.3784110E+07  1.3803082E+07  1.3821992E+07  1.3840839E+07  1.3859624E+07
  1.3878347E+07  1.3897006E+07  1.3915602E+07  1.3934134E+07  1.3952602E+07
  1.3971006E+07  1.3989344E+07  1.4007617E+07  1.4025824E+07  1.4043964E+07
  1.4062038E+07  1.4080045E+07  1.4097984E+07  1.4115856E+07  1.4133658E+07
  1.4151392E+07  1.4169055E+07  1.4186649E+07  1.4204171E+07  1.4221622E+07
  1.4239001E+07  1.4256307E+07  1.4273540E+07  1.4290699E+07  1.4307783E+07
  1.4324791E+07  1.4341724E+07  1.4358579E+07  1.4375356E+07  1.4392055E+07
  1.4408675E+07  1.4425214E+07  1.4441672E+07  1.4458048E+07  1.4474342E+07
  1.4490552E+07  1.4506676E+07  1.4522716E+07  1.4538668E+07  1.4554533E+07
  1.4570309E+07  1.4585996E+07  1.4601591E+07  1.4617095E+07  1.4632505E+07
  1.4647822E+07  1.4663043E+07  1.4678167E+07  1.4693194E+07  1.4708122E+07
  1.4722950E+07  1.4737676E+07  1.4752300E+07  1.4766820E+07  1.4781234E+07
  1.4795542E+07  1.4809742E+07  1.4823833E+07  1.4837813E+07  1.4851681E+07
  1.4865436E+07  1.4879076E+07  1.4892601E+07  1.4906007E+07  1.4919295E+07
  1.4932462E+07  1.4945508E+07  1.4958431E+07  1.4971230E+07  1.4983903E+07
  1.4996449E+07  1.5008867E+07  1.5021155E+07  1.5033312E+07  1.5045336E+07
  1.5057228E+07  1.5068984E+07  1.5080605E+07  1.5092089E+07  1.5103435E+07
  1.5114642E+07  1.5125709E+07  1.5136635E+07  1.5147419E+07  1.5158060E+07
  1.5168558E+07  1.5178912E+07  1.5189121E+07  1.5199185E+07  1.5209104E+07
  1.5218876E+07  1.5228502E+07  1.5237981E+07  1.5247313E+07  1.5256498E+07
  1.5265536E+07  1.5274427E+07  1.5283172E+07  1.5291770E+07  1.5300221E+07
  1.5308527E+07  1.5316688E+07  1.5324704E+07  1.5332575E+07  1.5340304E+07
  1.5347889E+07  1.5355333E+07  1.5362637E+07  1.5369800E+07  1.5376825E+07
  1.5383713E+07  1.5390464E+07  1.5397081E+07  1.5403563E+07  1.5409914E+07
  1.5416134E+07  1.5422225E+07  1.5428187E+07  1.5434024E+07  1.5439737E+07
  1.5445326E+07  1.5450794E+07  1.5456143E+07  1.5461375E+07  1.5466490E+07
  1.5471492E+07  1.5476381E+07  1.5481159E+07  1.5485830E+07  1.5490393E+07
  1.5494851E+07  1.5499207E+07  1.5503461E+07  1.5507616E+07  1.5511673E+07
  1.5515635E+07  1.5519503E+07  1.5523279E+07  1.5526964E+07  1.5530562E+07
  1.5534073E+07  1.5537498E+07  1.5540841E+07  1.5544103E+07  1.5547285E+07
  1.5550389E+07  1.5553417E+07  1.5556371E+07  1.5559251E+07  1.5562060E+07
  1.5564800E+07  1.5567471E+07  1.5570076E+07  1.5572616E+07  1.5575092E+07
  1.5577506E+07  1.5579859E+07  1.5582153E+07  1.5584389E+07  1.5586569E+07
  1.5588693E+07  1.5590764E+07  1.5592782E+07  1.5594748E+07  1.5596665E+07
  1.5598532E+07  1.5600352E+07  1.5602126E+07  1.5603854E+07  1.5605538E+07
  1.5607178E+07  1.5608777E+07  1.5610334E+07  1.5611851E+07  1.5613330E+07
  1.5614770E+07  1.5616173E+07  1.5617539E+07  1.5618871E+07  1.5620168E+07
  1.5621431E+07  1.5622662E+07  1.5623861E+07  1.5625029E+07  1.5626166E+07
  1.5627274E+07  1.5628353E+07  1.5629404E+07  1.5630428E+07  1.5631425E+07
  1.5632396E+07  1.5633342E+07  1.5634264E+07  1.5635161E+07  1.5636035E+07
  1.5636886E+07  1.5637715E+07  1.5638522E+07  1.5639308E+07  1.5640074E+07
  1.5640819E+07  1.5641546E+07  1.5642253E+07  1.5642941E+07  1.5643612E+07
  1.5644265E+07  1.5644901E+07  1.5645521E+07  1.5646124E+07  1.5646711E+07
  1.5647283E+07  1.5647840E+07  1.5648382E+07  1.5648911E+07  1.5649425E+07
  1.5649926E+07  1.5650414E+07  1.5650888E+07  1.5651351E+07  1.5651801E+07
  1.5652240E+07  1.5652667E+07  1.5653083E+07  1.5653487E+07  1.5653882E+07
  1.5654266E+07  1.5654639E+07  1.5655003E+07  1.5655358E+07  1.5655703E+07
  1.5656039E+07  1.5656366E+07  1.5656685E+07  1.5656995E+07  1.5657297E+07
  1.5657591E+07  1.5657878E+07  1.5658157E+07  1.5658428E+07  1.5658693E+07
  1.5658950E+07  1.5659201E+07  1.5659445E+07  1.5659683E+07  1.5659914E+07
  1.5660139E+07  1.5660359E+07  1.5660572E+07  1.5660780E+07  1.5660983E+07
  1.5661180E+07  1.5661372E+07  1.5661559E+07  1.5661741E+07  1.5661918E+07
  1.5662091E+07  1.5662259E+07  1.5662423E+07  1.5662582E+07  1.5662737E+07
  1.5662888E+07  1.5663035E+07  1.5663178E+07  1.5663318E+07  1.5663454E+07
  1.5663586E+07  1.5663714E+07  1.5663840E+07  1.5663962E+07  1.5664080E+07
  1.5664196E+07  1.5664309E+07  1.5664418E+07  1.5664525E+07  1.5664629E+07
  1.5664730E+07  1.5664829E+07  1.5664925E+07  1.5665018E+07  1.5665109E+07
  1.5665198E+07  1.5665284E+07  1.5665368E+07  1.5665450E+07  1.5665529E+07
  1.5665607E+07  1.5665682E+07  1.5665756E+07  1.5665827E+07  1.5665897E+07
  1.5665965E+07  1.5666031E+07  1.5666095E+07  1.5666158E+07  1.5666218E+07
  1.5666278E+07  1.5666336E+07  1.5666392E+07  1.5666447E+07  1.5666500E+07
  1.5666552E+07  1.5666602E+07  1.5666652E+07  1.5666700E+07  1.5666746E+07
  1.5666792E+07  1.5666836E+07  1.5666879E+07  1.5666921E+07  1.5666962E+07
  1.5667001E+07  1.5667040E+07  1.5667078E+07  1.5667114E+07  1.5667150E+07
  1.5667185E+07  1.5667219E+07  1.5667252E+07  1.5667284E+07  1.5667315E+07
  1.5667346E+07  1.5667375E+07  1.5667404E+07  1.5667432E+07  1.5667459E+07
  1.5667486E+07  1.5667512E+07  1.5667537E+07  1.5667562E+07  1.5667586E+07
  1.5667609E+07  1.5667632E+07  1.5667654E+07  1.5667675E+07  1.5667696E+07
  1.5667717E+07  1.5667737E+07  1.5667756E+07  1.5667775E+07  1.5667793E+07
